   0.0000000000000000        0.0000000000000000     
   2.7777123373915059E-002   2.7355126455008170E-002
   5.5554246747830119E-002   5.3883256634491852E-002
   8.3331370121745185E-002   7.8778416736260432E-002
  0.11110849349566024       0.10128118650246802     
  0.13888561686957529       0.12070339836644248     
  0.16666274024349034       0.13645098669131450     
  0.19443986361740540       0.14804400176732335     
  0.22221698699132045       0.15513288052687876     
  0.24999411036523550       0.15751017731306446     
  0.27777123373915058       0.15511711087021016     
  0.30554835711306566       0.14804449981532342     
  0.33332548048698074       0.13652795876343668     
  0.36110260386089582       0.12093760940188925     
  0.38887972723481090       0.10176298641243627     
  0.41665685060872598        7.9594212712172055E-002
  0.44443397398264106        5.5100792091956320E-002
  0.47221109735655614        2.9009446318079488E-002
  0.49998822073047122        2.0822788738191732E-003
  0.52776534410438625       -2.4903794949339472E-002
  0.55554246747830127       -5.1175879624705163E-002
  0.58331959085221630       -7.5982217917553024E-002
  0.61109671422613132       -9.8608052263093590E-002
  0.63887383760004635      -0.11839096570618728     
  0.66665096097396137      -0.13473650378294896     
  0.69442808434787640      -0.14713467902127036     
  0.72220520772179142      -0.15517747558333181     
  0.74998233109570644      -0.15857673668348246     
  0.77775945446962147      -0.15718095507063781     
  0.80553657784353649      -0.15098873161554113     
  0.83331370121745152      -0.14015633369788014     
  0.86109082459136654      -0.12499715647182311     
  0.88886794796528157      -0.10597204579075231     
  0.91664507133919659       -8.3671123361263283E-002
  0.94442219471311162       -5.8789394936978670E-002
  0.97219931808702664       -3.2099383065154634E-002
  0.99997644146094167       -4.4239320919883130E-003
   1.0277535648348568        2.3388724615342613E-002
   1.0555306882087718        5.0487087193485276E-002
   1.0833078115826869        7.6036595152518760E-002
   1.1110849349566019        9.9239727885335485E-002
   1.1388620583305169       0.11935801467368523     
   1.1666391817044319       0.13573740445963672     
   1.1944163050783470       0.14783709925237495     
   1.2221934284522620       0.15525991204079517     
   1.2499705518261770       0.15777986372103314     
   1.2777476752000920       0.15536095204459724     
   1.3055247985740071       0.14816098743799405     
   1.3333019219479221       0.13651693736207743     
   1.3610790453218371       0.12091300857045002     
   1.3888561686957521       0.10193787631750287     
   1.4166332920696671        8.0240508731378543E-002
   1.4444104154435822        5.6493353676386242E-002
   1.4721875388174972        3.1367792118511192E-002
   1.4999646621914122        5.5219800115130641E-003
   1.5277417855653272       -2.0402151269438978E-002
   1.5555189089392423       -4.5776928174833531E-002
   1.5832960323131573       -6.9985411454904556E-002
   1.6110731556870723       -9.2418553650208166E-002
   1.6388502790609873      -0.11247472694450568     
   1.6666274024349024      -0.12956358011441105     
   1.6944045258088174      -0.14311680215552128     
   1.7221816491827324      -0.15260859510423419     
   1.7499587725566474      -0.15758775042078640     
   1.7777358959305625      -0.15772061377002852     
   1.8055130193044775      -0.15283981889643211     
   1.8332901426783925      -0.14298843236750283     
   1.8610672660523075      -0.12844554411695883     
   1.8888443894262226      -0.10972071599561542     
   1.9166215128001376       -8.7513003967985947E-002
   1.9443986361740526       -6.2643276075824164E-002
   1.9721757595479676       -3.5979648702262459E-002
   1.9999528829218827       -8.3781048734068251E-003
   2.0277300062957977        1.9348008142142003E-002
   2.0555071296697127        4.6429744461968306E-002
   2.0832842530436277        7.2127111384049675E-002
   2.1110613764175428        9.5711961452171035E-002
   2.1388384997914578       0.11646201863302920     
   2.1666156231653728       0.13367319323845492     
   2.1943927465392878       0.14669232627246345     
   2.2221698699132029       0.15496885592585166     
   2.2499469932871179       0.15811984536351009     
   2.2777241166610329       0.15599647998384053     
   2.3055012400349479       0.14873265921821022     
   2.3332783634088630       0.13675313151437943     
   2.3610554867827780       0.12072653773053718     
   2.3888326101566930       0.10146888801456509     
   2.4166097335306080        7.9826056556111150E-002
   2.4443868569045231        5.6574679592677479E-002
   2.4721639802784381        3.2371013832812594E-002
   2.4999411036523531        7.7533126008864361E-003
   2.5277182270262681       -1.6819197443625842E-002
   2.5554953504001832       -4.0916665856991212E-002
   2.5832724737740982       -6.4098880137438446E-002
   2.6110495971480132       -8.5893698080006617E-002
   2.6388267205219282      -0.10579112359204323     
   2.6666038438958433      -0.12324608789821541     
   2.6943809672697583      -0.13768517677118094     
   2.7221580906436733      -0.14851844951142432     
   2.7499352140175883      -0.15516328519123920     
   2.7777123373915034      -0.15708944577230843     
   2.8054894607654184      -0.15389072181194263     
   2.8332665841393334      -0.14537741675224738     
   2.8610437075132484      -0.13166743307000978     
   2.8888208308871635      -0.11323945618081961     
   2.9165979542610785       -9.0912286814159249E-002
   2.9443750776349935       -6.5738665744901947E-002
   2.9721522010089085       -3.8842529339187248E-002
   2.9999293243828236       -1.1260331995378445E-002
   3.0277064477567386        1.6154140942844498E-002
   3.0554835711306536        4.2736154034228792E-002
   3.0832606945045686        6.7945002764147236E-002
   3.1110378178784837        9.1270498672815017E-002
   3.1388149412523987       0.11215415646074246     
   3.1665920646263137       0.12995249455361679     
   3.1943691880002287       0.14395161572671275     
   3.2221463113741438       0.15342986465747291     
   3.2499234347480588       0.15775928584799173     
   3.2777005581219738       0.15653133243859857     
   3.3054776814958888       0.14968160419760615     
   3.3332548048698039       0.13757326878623713     
   3.3610319282437189       0.12099256713362540     
   3.3888090516176339       0.10103074184655346     
   3.4165861749915489        7.8876791348293868E-002
   3.4443632983654640        5.5596073184086443E-002
   3.4721404217393790        3.1981015072909451E-002
   3.4999175451132940        8.5205739327690721E-003
   3.5276946684872090       -1.4525328056511683E-002
   3.5554717918611241       -3.7000396730521239E-002
   3.5832489152350391       -5.8733062605336714E-002
   3.6110260386089541       -7.9459464569094515E-002
   3.6388031619828691       -9.8795870079516707E-002
   3.6665802853567842      -0.11624799622533988     
   3.6943574087306992      -0.13123723619220087     
   3.7221345321046142      -0.14312818609297198     
   3.7499116554785292      -0.15125395899371816     
   3.7776887788524443      -0.15494941552055191     
   3.8054659022263593      -0.15361076624558406     
   3.8332430256002743      -0.14679645650268650     
   3.8610201489741893      -0.13436435862460355     
   3.8887972723481044      -0.11660685585614967     
   3.9165743957220194       -9.4315802587780689E-002
   3.9443515190959344       -6.8713413793809991E-002
   3.9721286424698494       -4.1240700941506662E-002
   3.9999057658437644       -1.3276726129043298E-002
   4.0276828892176795        1.4091622688678212E-002
   4.0554600125915945        4.0158410553020961E-002
   4.0832371359655095        6.4534508678307401E-002
   4.1110142593394245        8.6988025241713229E-002
   4.1387913827133396       0.10726845224463565     
   4.1665685060872546       0.12497590602666726     
   4.1943456294611696       0.13950675340578131     
   4.2221227528350846       0.15008313173737095     
   4.2498998762089997       0.15586044764753437     
   4.2776769995829147       0.15609872660262755     
   4.3054541229568297       0.15037133281698578     
   4.3332312463307447       0.13876104430026054     
   4.3610083697046598       0.12196649444102238     
   4.3887854930785748       0.10124152727291462     
   4.4165626164524898        7.8146860929852194E-002
   4.4443397398264048        5.4193139728466594E-002
   4.4721168632003199        3.0525263776276380E-002
   4.4998939865742349        7.7755589747869388E-003
   4.5276711099481499       -1.3885226688269834E-002
   4.5554482333220649       -3.4565088441627256E-002
   4.5832253566959800       -5.4435430473825028E-002
   4.6110024800698950       -7.3559358030986483E-002
   4.6387796034438100       -9.1796857229759499E-002
   4.6665567268177250      -0.10878468213031729     
   4.6943338501916401      -0.12396842256598309     
   4.7221109735655551      -0.13665796754453316     
   4.7498880969394701      -0.14608371386519647     
   4.7776652203133851      -0.15144675818368517     
   4.8054423436873002      -0.15197577960528488     
   4.8332194670612152      -0.14701625192903778     
   4.8609965904351302      -0.13617191048097368     
   4.8887737138090452      -0.11948534246629981     
   4.9165508371829603       -9.7591245197215348E-002
   4.9443279605568753       -7.1738250793286454E-002
   4.9721050839307903       -4.3604920391146419E-002
   4.9998822073047053       -1.4944276035836085E-002
   5.0276593306786204        1.2792905865573389E-002
   5.0554364540525354        3.8685222090685513E-002
   5.0832135774264504        6.2341550529237809E-002
   5.1109907008003654        8.3722349534544313E-002
   5.1387678241742805       0.10288986512703575     
   5.1665449475481955       0.11978380619523113     
   5.1943220709221105       0.13407691417182524     
   5.2220991942960255       0.14513111981446877     
   5.2498763176699406       0.15205883662369868     
   5.2776534410438556       0.15388645605361270     
   5.3054305644177706       0.14980510894568785     
   5.3332076877916856       0.13946549222278815     
   5.3609848111656007       0.12322793122402534     
   5.3887619345395157       0.10224332258625134     
   5.4165390579134307        7.8269995097372619E-002
   5.4443161812873457        5.3252812845013354E-002
   5.4720933046612608        2.8836823363486513E-002
   5.4998704280351758        6.0335044080463088E-003
   5.5276475514090908       -1.4842402534887781E-002
   5.5554246747830058       -3.4002126601041280E-002
   5.5832017981569209       -5.1904103814168746E-002
   5.6109789215308359       -6.8986637459711689E-002
   5.6387560449047509       -8.5478126824548070E-002
   5.6665331682786659      -0.10130213399377780     
   5.6943102916525810      -0.11606616063082183     
   5.7220874150264960      -0.12910952476136786     
   5.7498645384004110      -0.13958156893940071     
   5.7776416617743260      -0.14652717625262904     
   5.8054187851482411      -0.14897313832531739     
   5.8331959085221561      -0.14603052303748101     
   5.8609730318960711      -0.13704030759385705     
   5.8887501552699861      -0.12177338752638130     
   5.9165272786439012      -0.10064229604539754     
   5.9443044020178162       -7.4814103555538747E-002
   5.9720815253917312       -4.6097979461392706E-002
   5.9998586487656462       -1.6575748428617046E-002
   6.0276357721395613        1.1889974199903043E-002
   6.0554128955134763        3.8039140179980759E-002
   6.0831900188873913        6.1327584552433374E-002
   6.1109671422613063        8.1775842710732960E-002
   6.1387442656352214        9.9677889318090740E-002
   6.1665213890091364       0.11530296658035984     
   6.1942985123830514       0.12866960703519373     
   6.2220756357569664       0.13942144251291300     
   6.2498527591308815       0.14681485298025523     
   6.2776298825047965       0.14982779291682138     
   6.3054070058787115       0.14739529263502435     
   6.3331841292526265       0.13875083478384437     
   6.3609612526265416       0.12379488313341339     
   6.3887383760004566       0.10334215159337026     
   6.4165154993743716        7.9082956189274897E-002
   6.4442926227482866        5.3200438166546980E-002
   6.4720697461222016        2.7784426638549672E-002
   6.4998468694961167        4.3174370293371754E-003
   6.5276239928700317       -1.6549474556003165E-002
   6.5554011162439467       -3.4904795165943442E-002
   6.5831782396178617       -5.1295812463177923E-002
   6.6109553629917768       -6.6411988545985706E-002
   6.6387324863656918       -8.0827065494867234E-002
   6.6665096097396068       -9.4830973098821117E-002
   6.6942867331135218      -0.10834864748695983     
   6.7220638564874369      -0.12093178296319552     
   6.7498409798613519      -0.13180605491982691     
   6.7776181032352669      -0.13995516443787845     
   6.8053952266091819      -0.14422806820417788     
   6.8331723499830970      -0.14347029777275824     
   6.8609494733570120      -0.13669747551526326     
   6.8887265967309270      -0.12332889955509846     
   6.9165037201048420      -0.10345811441946137     
   6.9442808434787571       -7.8058204245069568E-002
   6.9720579668526721       -4.8962571826192611E-002
   6.9998350902265871       -1.8521595544125694E-002
   7.0276122136005021        1.0974072344353101E-002
   7.0553893369744172        3.7837100675432923E-002
   7.0831664603483322        6.1241632826763176E-002
   7.1109435837222472        8.1135797748576544E-002
   7.1387207070961622        9.7934179227443713E-002
   7.1664978304700773       0.11216315913951812     
   7.1942749538439923       0.12417056090818333     
   7.2220520772179073       0.13393728679168029     
   7.2498292005918223       0.14099590005882856     
   7.2776063239657374       0.14446499403527471     
   7.3053834473396524       0.14322040813021022     
   7.3331605707135674       0.13621500453090010     
   7.3609376940874824       0.12290462697749814     
   7.3887148174613975       0.10364197697990780     
   7.4164919408353125        7.9824966531413799E-002
   7.4442690642092275        5.3640491628507696E-002
   7.4720461875831425        2.7463081045732290E-002
   7.4998233109570576        3.1986882527915358E-003
   7.5276004343309726       -1.8110686590160352E-002
   7.5553775577048876       -3.6305683268469328E-002
   7.5831546810788026       -5.1859139619758458E-002
   7.6109318044527177       -6.5540617065508483E-002
   7.6387089278266327       -7.8123626457085094E-002
   7.6664860512005477       -9.0178989362575443E-002
   7.6942631745744627      -0.10194969580589114     
   7.7220402979483778      -0.11329153355848101     
   7.7498174213222928      -0.12366749082961577     
   7.7775945446962078      -0.13218794737535847     
   7.8053716680701228      -0.13769177514507461     
   7.8331487914440379      -0.13887077665261169     
   7.8609259148179529      -0.13445232993643283     
   7.8887030381918679      -0.12346021708771043     
   7.9164801615657829      -0.10554533678970411     
   7.9442572849396980       -8.1299352902750394E-002
   7.9720344083136130       -5.2373762385362441E-002
   7.9998115316875280       -2.1233305495471821E-002
   8.0275886550614430        9.4459150251368883E-003
   8.0553657784353589        3.7472618864935206E-002
   8.0831429018092749        6.1588994121536102E-002
   8.1109200251831908        8.1507725611719678E-002
   8.1386971485571067        9.7628439503223849E-002
   8.1664742719310226       0.11064016169083837     
   8.1942513953049385       0.12116833019579960     
   8.2220285186788544       0.12952708894279424     
   8.2498056420527703       0.13558021946861024     
   8.2775827654266863       0.13870996180197578     
   8.3053598888006022       0.13791372266897275     
   8.3331370121745181       0.13205915480977129     
   8.3609141355484340       0.12029551059114565     
   8.3886912589223499       0.10252543848794900     
   8.4164683822962658        7.9723606457343874E-002
   8.4442455056701817        5.3865432073172799E-002
   8.4720226290440976        2.7408408240787972E-002
   8.4997997524180136        2.5640549819876211E-003
   8.5275768757919295       -1.9258538935500603E-002
   8.5553539991658454       -3.7609434140652473E-002
   8.5831311225397613       -5.2805381678808834E-002
   8.6109082459136772       -6.5589761078187453E-002
   8.6386853692875931       -7.6814317105716678E-002
   8.6664624926615090       -8.7209735048761144E-002
   8.6942396160354249       -9.7241127165267810E-002
   8.7220167394093409      -0.10702442521368621     
   8.7497938627832568      -0.11628653016735241     
   8.7775709861571727      -0.12436331371318360     
   8.8053481095310886      -0.13023754221246539     
   8.8331252329050045      -0.13262594694205063     
   8.8609023562789204      -0.13013432707230521     
   8.8886794796528363      -0.12150613879188693     
   8.9164566030267522      -0.10597229627793833     
   8.9442337264006682       -8.3641539566441755E-002
   8.9720108497745841       -5.5763377875595786E-002
   8.9997879731485000       -2.4644581816747606E-002
   9.0275650965224159        6.8706226286554886E-003
   9.0553422198963318        3.6165186637603361E-002
   9.0831193432702477        6.1477852768880924E-002
   9.1108964666441636        8.2117865240565024E-002
   9.1386735900180796        9.8274243092041011E-002
   9.1664507133919955       0.11062478224377296     
   9.1942278367659114       0.11994587536929453     
   9.2220049601398273       0.12681776808131792     
   9.2497820835137432       0.13143645231997170     
   9.2775592068876591       0.13352363772460121     
   9.3053363302615750       0.13234747033796970     
   9.3331134536354909       0.12689089449659191     
   9.3608905770094069       0.11619511891250751     
   9.3886677003833228        9.9832380404415930E-002
   9.4164448237572387        7.8333401430078914E-002
   9.4442219471311546        5.3306455721613105E-002
   9.4719990705050705        2.7082883115028426E-002
   9.4997761938789864        2.0172510020813033E-003
   9.5275533172529023       -2.0181846885051070E-002
   9.5553304406268182       -3.8762964622630007E-002
   9.5831075640007342       -5.3838183752222032E-002
   9.6108846873746501       -6.6065164556753528E-002
   9.6386618107485660       -7.6308755697422626E-002
   9.6664389341224819       -8.5385781053206669E-002
   9.6942160574963978       -9.3903155698869270E-002
   9.7219931808703137      -0.10216204593404601     
   9.7497703042442296      -0.11010274925862824     
   9.7775474276181455      -0.11727917031553961     
   9.8053245509920615      -0.12286487886187218     
   9.8331016743659774      -0.12570336865487769     
   9.8608787977398933      -0.12442529037228767     
   9.8886559211138092      -0.11766232168190323     
   9.9164330444877251      -0.10437620185984360     
   9.9442101678616410       -8.4267421811340310E-002
   9.9719872912355569       -5.8125772081426740E-002
   9.9997644146094729       -2.7900482485138572E-002
   10.027541537983389        3.6699204795570530E-003
   10.055318661357305        3.3776719382358253E-002
   10.083095784731221        6.0263423288532694E-002
   10.110872908105137        8.2004862648298121E-002
   10.138650031479052        9.8850602994785486E-002
   10.166427154852968       0.11129257552415801     
   10.194204278226884       0.12007662254821858     
   10.221981401600800       0.12588808850308600     
   10.249758524974716       0.12913991161183955     
   10.277535648348632       0.12985066338042653     
   10.305312771722548       0.12761283346584748     
   10.333089895096464       0.12168174698026596     
   10.360867018470380       0.11122453438854371     
   10.388644141844296        9.5722085925860068E-002
   10.416421265218212        7.5404985829897048E-002
   10.444198388592127        5.1489813318523057E-002
   10.471975511966043        2.6003302062324790E-002
   10.499752635339959        1.2116429988506968E-003
   10.527529758713875       -2.1048341801124040E-002
   10.555306882087791       -3.9783765373637335E-002
   10.583084005461707       -5.4870151305097724E-002
   10.610861128835623       -6.6803490454297967E-002
   10.638638252209539       -7.6379970661176647E-002
   10.666415375583455       -8.4432280593996725E-002
   10.694192498957371       -9.1653166092978938E-002
   10.721969622331287       -9.8485415494443729E-002
   10.749746745705202      -0.10505102488428623     
   10.777523869079118      -0.11110499270621992     
   10.805300992453034      -0.11601444441167104     
   10.833078115826950      -0.11877744077928955     
   10.860855239200866      -0.11810784470375674     
   10.888632362574782      -0.11261947110692375     
   10.916409485948698      -0.10113232127555451     
   10.944186609322614       -8.3076184476864198E-002
   10.971963732696530       -5.8874853472542094E-002
   10.999740856070446       -3.0105340522045793E-002
   11.027517979444362        7.4773654088930094E-004
   11.055295102818278        3.0916560724572523E-002
   11.083072226192193        5.8069135274671890E-002
   11.110849349566109        8.0773193513184433E-002
   11.138626472940025        9.8551076143447144E-002
   11.166403596313941       0.11162816227696699     
   11.194180719687857       0.12058131439272078     
   11.221957843061773       0.12603494644236934     
   11.249734966435689       0.12845078781991653     
   11.277512089809605       0.12800182087652962     
   11.305289213183521       0.12452172414528698     
   11.333066336557437       0.11754878157322010     
   11.360843459931353       0.10650084412838426     
   11.388620583305268        9.0990916344587058E-002
   11.416397706679184        7.1204092867492838E-002
   11.444174830053100        4.8146940783162624E-002
   11.471951953427016        2.3566027002723495E-002
   11.499729076800932       -4.9775885266051571E-004
   11.527506200174848       -2.2297888449740934E-002
   11.555283323548764       -4.0795998808370502E-002
   11.583060446922680       -5.5739038036801629E-002
   11.610837570296596       -6.7471819877145775E-002
   11.638614693670512       -7.6660388794598841E-002
   11.666391817044428       -8.4054358989174266E-002
   11.694168940418344       -9.0325670369757000E-002
   11.721946063792259       -9.5966411511376831E-002
   11.749723187166175      -0.10121752751221651     
   11.777500310540091      -0.10601092109671814     
   11.805277433914007      -0.10992310777586342     
   11.833054557287923      -0.11215509404919612     
   11.860831680661839      -0.11157031871195942     
   11.888608804035755      -0.10683472439450996     
   11.916385927409671       -9.6694933528179178E-002
   11.944163050783587       -8.0381140038851315E-002
   11.971940174157503       -5.8024928606353034E-002
   11.999717297531419       -3.0885761266596628E-002
   12.027494420905334       -1.1905576388542313E-003
   12.055271544279250        2.8420962842354264E-002
   12.083048667653166        5.5594107792686490E-002
   12.110825791027082        7.8755354739175179E-002
   12.138602914400998        9.7225484269671161E-002
   12.166380037774914       0.11101956201508403     
   12.194157161148830       0.12052732603214272     
   12.221934284522746       0.12622812866049699     
   12.249711407896662       0.12849706056325216     
   12.277488531270578       0.12749595062924790     
   12.305265654644494       0.12313477612416936     
   12.333042778018410       0.11511168417031589     
   12.360819901392325       0.10305880162927258     
   12.388597024766241        8.6803158857745824E-002
   12.416374148140157        6.6679106087978182E-002
   12.444151271514073        4.3732316882986087E-002
   12.471928394887989        1.9636484260025143E-002
   12.499705518261905       -3.7116905967948125E-003
   12.527482641635821       -2.4723659987974628E-002
   12.555259765009737       -4.2485329711382365E-002
   12.583036888383653       -5.6807779765441067E-002
   12.610814011757569       -6.8033614644894935E-002
   12.638591135131485       -7.6771051620083700E-002
   12.666368258505400       -8.3680123123727787E-002
   12.694145381879316       -8.9342583771603451E-002
   12.721922505253232       -9.4191100454371277E-002
   12.749699628627148       -9.8463498761544685E-002
   12.777476752001064      -0.10216011180540845     
   12.805253875374980      -0.10499807867547910     
   12.833030998748896      -0.10637224313466838     
   12.860808122122812      -0.10535135412560263     
   12.888585245496728      -0.10075833018203831     
   12.916362368870644       -9.1387850454530975E-002
   12.944139492244560       -7.6374773007183372E-002
   12.971916615618476       -5.5626655515733939E-002
   12.999693738992391       -3.0115615623626246E-002
   13.027470862366307       -1.8061559936322878E-003
   13.055247985740223        2.6830976823505076E-002
   13.083025109114139        5.3495501529516508E-002
   13.110802232488055        7.6574917141612422E-002
   13.138579355861971        9.5294491494738121E-002
   13.166356479235887       0.10954697539270991     
   13.194133602609803       0.11958980939110180     
   13.221910725983719       0.12577035913142934     
   13.249687849357635       0.12834354779016732     
   13.277464972731551       0.12737832898302218     
   13.305242096105466       0.12273591047104779     
   13.333019219479382       0.11412261204744227     
   13.360796342853298       0.10123961636762761     
   13.388573466227214        8.4036658988530785E-002
   13.416350589601130        6.3006934733775055E-002
   13.444127712975046        3.9365350977587359E-002
   13.471904836348962        1.4931834674676969E-002
   13.499681959722878       -8.3123697507490879E-003
   13.527459083096794       -2.8787293578344614E-002
   13.555236206470710       -4.5683579976656244E-002
   13.583013329844626       -5.8977403525354091E-002
   13.610790453218542       -6.9177320779989740E-002
   13.638567576592457       -7.7005311211672645E-002
   13.666344699966373       -8.3158454964728193E-002
   13.694121823340289       -8.8185872307203039E-002
   13.721898946714205       -9.2446108712805272E-002
   13.749676070088121       -9.6097624911728449E-002
   13.777453193462037       -9.9090898383166856E-002
   13.805230316835953      -0.10115002704658263     
   13.833007440209869      -0.10174772375655723     
   13.860784563583785      -0.10009464472827899     
   13.888561686957701       -9.5185097074372477E-002
   13.916338810331617       -8.5955372429981636E-002
   13.944115933705532       -7.1588902484023775E-002
   13.971893057079448       -5.1915707359178893E-002
   13.999670180453364       -2.7726562601874762E-002
   14.027447303827280       -7.6875585182403653E-004
   14.055224427201196        2.6669474563049880E-002
   14.083001550575112        5.2401724878685906E-002
   14.110778673949028        7.4866307339255686E-002
   14.138555797322944        9.3295921688171302E-002
   14.166332920696860       0.10755928171821476     
   14.194110044070776       0.11785967051641569     
   14.221887167444692       0.12445973039544900     
   14.249664290818608       0.12750485177941673     
   14.277441414192523       0.12694340117811737     
   14.305218537566439       0.12252314265838418     
   14.332995660940355       0.11386145259663917     
   14.360772784314271       0.10060866662508615     
   14.388549907688187        8.2713294878654919E-002
   14.416327031062103        6.0730101065622460E-002
   14.444104154436019        3.6010533822147563E-002
   14.471881277809935        1.0581292865187646E-002
   14.499658401183851       -1.3340852230645866E-002
   14.527435524557767       -3.3987267041317964E-002
   14.555212647931683       -5.0479005639691682E-002
   14.582989771305598       -6.2865390390435386E-002
   14.610766894679514       -7.1833622761164867E-002
   14.638544018053430       -7.8318954096830345E-002
   14.666321141427346       -8.3200690576840014E-002
   14.694098264801262       -8.7141861823688868E-002
   14.721875388175178       -9.0539830130198104E-002
   14.749652511549094       -9.3530985501656033E-002
   14.777429634923010       -9.6007582726037058E-002
   14.805206758296926       -9.7627951424590118E-002
   14.832983881670842       -9.7819768932857293E-002
   14.860761005044758       -9.5791714000790937E-002
   14.888538128418674       -9.0586754844140027E-002
   14.916315251792589       -8.1225407166505809E-002
   14.944092375166505       -6.6975067957300488E-002
   14.971869498540421       -4.7710174977576021E-002
   14.999646621914337       -2.4207343742789950E-002
   15.027423745288253        1.8487110485657481E-003
   15.055200868662169        2.8257074590360726E-002
   15.082977992036085        5.2927900252004889E-002
   15.110755115410001        7.4401092800377086E-002
   15.138532238783917        9.2010506875685460E-002
   15.166309362157833       0.10571104438401768     
   15.194086485531749       0.11575843813675207     
   15.221863608905664       0.12242001319176068     
   15.249640732279580       0.12579372584567308     
   15.277417855653496       0.12573348430880074     
   15.305194979027412       0.12185702916224668     
   15.332972102401328       0.11363094527646743     
   15.360749225775244       0.10055228792427909     
   15.388526349149160        8.2440445249685093E-002
   15.416303472523076        5.9785373361950458E-002
   15.444080595896992        3.3984890471181778E-002
   15.471857719270908        7.2491405987214902E-003
   15.499634842644824       -1.7913884772852037E-002
   15.527411966018740       -3.9425897154940152E-002
   15.555189089392655       -5.6187097327102628E-002
   15.582966212766571       -6.8181174255471336E-002
   15.610743336140487       -7.6182799133603915E-002
   15.638520459514403       -8.1313876892067163E-002
   15.666297582888319       -8.4671029604309403E-002
   15.694074706262235       -8.7111636542940629E-002
   15.721851829636151       -8.9176435544077198E-002
   15.749628953010067       -9.1087794316218329E-002
   15.777406076383983       -9.2772204725457330E-002
   15.805183199757899       -9.3880635333900522E-002
   15.832960323131815       -9.3803188247767455E-002
   15.860737446505730       -9.1692645672818179E-002
   15.888514569879646       -8.6529079280912094E-002
   15.916291693253562       -7.7272358209048708E-002
   15.944068816627478       -6.3140201544334917E-002
   15.971845940001394       -4.3982408461480771E-002
   15.999623063375310       -2.0596765175632366E-002
   16.027400186749226        5.2539119988178895E-003
   16.055177310123142        3.1258499143797476E-002
   16.082954433497058        5.5247168885525992E-002
   16.110731556870974        7.5770276571192355E-002
   16.138508680244890        9.2275783941573278E-002
   16.166285803618806       0.10489708309731094     
   16.194062926992721       0.11407187042542592     
   16.221840050366637       0.12020283498834466     
   16.249617173740553       0.12345058930975193     
   16.277394297114469       0.12365344932991149     
   16.305171420488385       0.12034075140841498     
   16.332948543862301       0.11282622080755454     
   16.360725667236217       0.10040009811693965     
   16.388502790610133        8.2644202895063690E-002
   16.416279913984049        5.9833318543003416E-002
   16.444057037357965        3.3258290595217350E-002
   16.471834160731881        5.2119869254765522E-003
   16.499611284105796       -2.1513662693645283E-002
   16.527388407479712       -4.4446693466048542E-002
   16.555165530853628       -6.2131880428388422E-002
   16.582942654227544       -7.4351292582133161E-002
   16.610719777601460       -8.1862790091118937E-002
   16.638496900975376       -8.5915330814142404E-002
   16.666274024349292       -8.7807052280394884E-002
   16.694051147723208       -8.8609286630992573E-002
   16.721828271097124       -8.9050235644456993E-002
   16.749605394471040       -8.9497489138339076E-002
   16.777382517844956       -8.9980087703015910E-002
   16.805159641218872       -9.0214289239268247E-002
   16.832936764592787       -8.9622253125270446E-002
   16.860713887966703       -8.7354294882768288E-002
   16.888491011340619       -8.2345878008078355E-002
   16.916268134714535       -7.3459483268537060E-002
   16.944045258088451       -5.9761071306359714E-002
   16.971822381462367       -4.0923165018630664E-002
   16.999599504836283       -1.7613180802739044E-002
   17.027376628210199        8.4015261470303630E-003
   17.055153751584115        3.4638692150885178E-002
   17.082930874958031        5.8665925286654437E-002
   17.110707998331947        7.8821287967239750E-002
   17.138485121705862        9.4498360463074096E-002
   17.166262245079778       0.10594686700387336     
   17.194039368453694       0.11382928013767023     
   17.221816491827610       0.11879899304383232     
   17.249593615201526       0.12122826371633331     
   17.277370738575442       0.12108972401537725     
   17.305147861949358       0.11795106958728811     
   17.332924985323274       0.11105864263765773     
   17.360702108697190        9.9522972783866875E-002
   17.388479232071106        8.2638966990393067E-002
   17.416256355445022        6.0330413970515473E-002
   17.444033478818938        3.3579062798225388E-002
   17.471810602192853        4.5578180754883516E-003
   17.499587725566769       -2.3773237962847388E-002
   17.527364848940685       -4.8527489193260227E-002
   17.555141972314601       -6.7761624644124926E-002
   17.582919095688517       -8.0885758300739852E-002
   17.610696219062433       -8.8499575312298268E-002
   17.638473342436349       -9.1895656591305885E-002
   17.666250465810265       -9.2545422273301814E-002
   17.694027589184181       -9.1744565598207206E-002
   17.721804712558097       -9.0439915945090030E-002
   17.749581835932013       -8.9182860524247662E-002
   17.777358959305928       -8.8144440611309674E-002
   17.805136082679844       -8.7146501893691705E-002
   17.832913206053760       -8.5688213398468605E-002
   17.860690329427676       -8.2970384159070446E-002
   17.888467452801592       -7.7942547626507042E-002
   17.916244576175508       -6.9420673964050383E-002
   17.944021699549424       -5.6334098892449704E-002
   17.971798822923340       -3.8122819479587636E-002
   17.999575946297256       -1.5184433219620003E-002
   18.027353069671172        1.0891192138772977E-002
   18.055130193045088        3.7580349175156555E-002
   18.082907316419004        6.2180863973951263E-002
   18.110684439792919        8.2670881464777884E-002
   18.138461563166835        9.8178267331775662E-002
   18.166238686540751       0.10888574648656248     
   18.194015809914667       0.11557801445198576     
   18.221792933288583       0.11914601041653637     
   18.249570056662499       0.12023505535478045     
   18.277347180036415       0.11906714555211495     
   18.305124303410331       0.11539637347482022     
   18.332901426784247       0.10856195907483064     
   18.360678550158163        9.7641803072555156E-002
   18.388455673532079        8.1741012783065684E-002
   18.416232796905994        6.0431037234926141E-002
   18.444009920279910        3.4246618056682249E-002
   18.471787043653826        4.9834357469721226E-003
   18.499564167027742       -2.4508976432476119E-002
   18.527341290401658       -5.1097368596408677E-002
   18.555118413775574       -7.2335418594339437E-002
   18.582895537149490       -8.7097071925202010E-002
   18.610672660523406       -9.5606711422283941E-002
   18.638449783897322       -9.9017618179303157E-002
   18.666226907271238       -9.8868334636399297E-002
   18.694004030645154       -9.6651891547829369E-002
   18.721781154019070       -9.3565337508148383E-002
   18.749558277392985       -9.0405554306687883E-002
   18.777335400766901       -8.7551514160208427E-002
   18.805112524140817       -8.4984409607790898E-002
   18.832889647514733       -8.2317685879507260E-002
   18.860666770888649       -7.8829767292267872E-002
   18.888443894262565       -7.3513711188885195E-002
   18.916221017636481       -6.5181603658934245E-002
   18.943998141010397       -5.2679234612998796E-002
   18.971775264384313       -3.5249390097755046E-002
   18.999552387758229       -1.2988363316342684E-002
   19.027329511132145        1.2820914341215342E-002
   19.055106634506060        3.9802774057795823E-002
   19.082883757879976        6.5130377319916860E-002
   19.110660881253892        8.6431656793853798E-002
   19.138438004627808       0.10244057013396823     
   19.166215128001724       0.11308091022688459     
   19.193992251375640       0.11908609426731799     
   19.221769374749556       0.12147439516007083     
   19.249546498123472       0.12112585527882244     
   19.277323621497388       0.11853721457322330     
   19.305100744871304       0.11372714424205753     
   19.332877868245220       0.10624936795550662     
   19.360654991619136        9.5304178143683832E-002
   19.388432114993051        7.9976240416107611E-002
   19.416209238366967        5.9627553283304206E-002
   19.443986361740883        3.4396456414289976E-002
   19.471763485114799        5.5988914642724607E-003
   19.499540608488715       -2.4277484605444027E-002
   19.527317731862631       -5.2153091402527933E-002
   19.555094855236547       -7.5287854806508375E-002
   19.582871978610463       -9.2055254235109019E-002
   19.610649101984379      -0.10218228106425756     
   19.638426225358295      -0.10647853552822502     
   19.666203348732211      -0.10634164249978864     
   19.693980472106126      -0.10330388714546712     
   19.721757595480042       -9.8729873026588089E-002
   19.749534718853958       -9.3656622430953504E-002
   19.777311842227874       -8.8727094450267358E-002
   19.805088965601790       -8.4172983174663443E-002
   19.832866088975706       -7.9820191741711982E-002
   19.860643212349622       -7.5108129093835380E-002
   19.888420335723538       -6.9131904606180808E-002
   19.916197459097454       -6.0736781559438069E-002
   19.943974582471370       -4.8712251145905716E-002
   19.971751705845286       -3.2127056254036120E-002
   19.999528829219201       -1.0778276367840949E-002
   20.027305952593117        1.4414212943621066E-002
   20.055083075967033        4.1355752510395125E-002
   20.082860199340949        6.7261854760882103E-002
   20.110637322714865        8.9522615417002196E-002
   20.138414446088781       0.10647364110472300     
   20.166191569462697       0.11766960227373381     
   20.193968692836613       0.12363637531741775     
   20.221745816210529       0.12537414330470073     
   20.249522939584445       0.12389284494105680     
   20.277300062958361       0.11990816102302096     
   20.305077186332277       0.11369731046594983     
   20.332854309706192       0.10507314073566981     
   20.360631433080108        9.3455138803871629E-002
   20.388408556454024        7.8053304560400508E-002
   20.416185679827940        5.8195687480289332E-002
   20.443962803201856        3.3781696063944551E-002
   20.471739926575772        5.7150014483250272E-003
   20.499517049949688       -2.3957955961222747E-002
   20.527294173323604       -5.2424957520696459E-002
   20.555071296697520       -7.6910066241587638E-002
   20.582848420071436       -9.5479868746422100E-002
   20.610625543445352      -0.10743353716355951     
   20.638402666819267      -0.11318560163950471     
   20.666179790193183      -0.11385808910247686     
   20.693956913567099      -0.11084962562422886     
   20.721734036941015      -0.10552253161458312     
   20.749511160314931       -9.9020986750776460E-002
   20.777288283688847       -9.2178453791019549E-002
   20.805065407062763       -8.5471773298022455E-002
   20.832842530436679       -7.8996647379884932E-002
   20.860619653810595       -7.2456891905343448E-002
   20.888396777184511       -6.5176160224094365E-002
   20.916173900558427       -5.6158800594832588E-002
   20.943951023932343       -4.4243920120301664E-002
   20.971728147306258       -2.8397266751507673E-002
   20.999505270680174       -8.1364644877934857E-003
   21.027282394054090        1.6034778098399892E-002
   21.055059517428006        4.2439686768931430E-002
   21.082836640801922        6.8525806213045881E-002
   21.110613764175838        9.1610489872383627E-002
   21.138390887549754       0.10969588678535896     
   21.166168010923670       0.12191436276366460     
   21.193945134297586       0.12845578539637412     
   21.221722257671502       0.13015909230626077     
   21.249499381045418       0.12804702314816627     
   21.277276504419333       0.12297642744663560     
   21.305053627793249       0.11544207806902253     
   21.332830751167165       0.10550741497077022     
   21.360607874541081        9.2837153887545223E-002
   21.388384997914997        7.6835732149774544E-002
   21.416162121288913        5.6914797691257908E-002
   21.443939244662829        3.2885789342119637E-002
   21.471716368036745        5.3768338233957866E-003
   21.499493491410661       -2.3949491407754295E-002
   21.527270614784577       -5.2607702587893254E-002
   21.555047738158493       -7.7937415963727621E-002
   21.582824861532409       -9.7874066764514489E-002
   21.610601984906324      -0.11142895736914890     
   21.638379108280240      -0.11869913603882232     
   21.666156231654156      -0.12054271005657836     
   21.693933355028072      -0.11817410425044621     
   21.721710478401988      -0.11284945686987467     
   21.749487601775904      -0.10568127443854082     
   21.777264725149820       -9.7547545887595580E-002
   21.805041848523736       -8.9047962001532643E-002
   21.832818971897652       -8.0475446245606458E-002
   21.860596095271568       -7.1791264021427242E-002
   21.888373218645484       -6.2610056547998325E-002
   21.916150342019399       -5.2218990732866427E-002
   21.943927465393315       -3.9672665029991325E-002
   21.971704588767231       -2.4011483543195940E-002
   21.999481712141147       -4.6198023084668277E-003
   22.027258835515063        1.8353589693530164E-002
   22.055035958888979        4.3717427005273160E-002
   22.082813082262895        6.9344532310311666E-002
   22.110590205636811        9.2726537086191760E-002
   22.138367329010727       0.11172615684551788     
   22.166144452384643       0.12512124462085467     
   22.193921575758559       0.13270498141343123     
   22.221698699132475       0.13501534911913263     
   22.249475822506390       0.13292886672465917     
   22.277252945880306       0.12730879182340585     
   22.305030069254222       0.11877868100236678     
   22.332807192628138       0.10761473948431378     
   22.360584316002054        9.3736318650731940E-002
   22.388361439375970        7.6793770029846720E-002
   22.416138562749886        5.6371340130401022E-002
   22.443915686123802        3.2308296301718754E-002
   22.471692809497718        5.0716066079854703E-003
   22.499469932871634       -2.3991069971223519E-002
   22.527247056245550       -5.2729525689530994E-002
   22.555024179619465       -7.8673439752874760E-002
   22.582801302993381       -9.9720015924193287E-002
   22.610578426367297      -0.11466475320972562     
   22.638355549741213      -0.12333497881308372     
   22.666132673115129      -0.12636435051592385     
   22.693909796489045      -0.12481992539755056     
   22.721686919862961      -0.11987196858085604     
   22.749464043236877      -0.11258370831055557     
   22.777241166610793      -0.10380956172380817     
   22.805018289984709       -9.4158656039261240E-002
   22.832795413358625       -8.3985000443316873E-002
   22.860572536732541       -7.3381913226572726E-002
   22.888349660106456       -6.2175863607121719E-002
   22.916126783480372       -4.9933139168545249E-002
   22.943903906854288       -3.6011509119822205E-002
   22.971681030228204       -1.9700492942687789E-002
   22.999458153602120       -4.7849078507348607E-004
   23.027235276976036        2.1649062780644275E-002
   23.055012400349952        4.5869295235562414E-002
   23.082789523723868        7.0539882896061459E-002
   23.110566647097784        9.3536353752368392E-002
   23.138343770471700       0.11284489421358877     
   23.166120893845616       0.12709231943397584     
   23.193898017219531       0.13575847062391572     
   23.221675140593447       0.13904787919371311     
   23.249452263967363       0.13758100863151879     
   23.277229387341279       0.13208255214290066     
   23.305006510715195       0.12315925560211756     
   23.332783634089111       0.11118072110361524     
   23.360560757463027        9.6248490162681485E-002
   23.388337880836943        7.8248112962046076E-002
   23.416115004210859        5.6994719761073932E-002
   23.443892127584775        3.2475996324043133E-002
   23.471669250958691        5.1487462474915429E-003
   23.499446374332607       -2.3832701394654987E-002
   23.527223497706522       -5.2622257905600267E-002
   23.555000621080438       -7.9012171876562093E-002
   23.582777744454354      -0.10098293885831353     
   23.610554867828270      -0.11720601111926078     
   23.638331991202186      -0.12726294671460039     
   23.666109114576102      -0.13153964074134625     
   23.693886237950018      -0.13092989463875951     
   23.721663361323934      -0.12651847232490657     
   23.749440484697850      -0.11934490506812701     
   23.777217608071766      -0.11026841157048224     
   23.804994731445682       -9.9910709537564993E-002
   23.832771854819597       -8.8644789232645432E-002
   23.860548978193513       -7.6605168521542824E-002
   23.888326101567429       -6.3706884862719096E-002
   23.916103224941345       -4.9673961286380304E-002
   23.943880348315261       -3.4093218020001176E-002
   23.971657471689177       -1.6520858674105840E-002
   23.999434595063093        3.3366996602834037E-003
   24.027211718437009        2.5385901110876317E-002
   24.054988841810925        4.8940414119753715E-002
   24.082765965184841        7.2683753632104039E-002
   24.110543088558757        9.4892121147866840E-002
   24.138320211932673       0.11385805321964927     
   24.166097335306588       0.12831071583030426     
   24.193874458680504       0.13763030992599079     
   24.221651582054420       0.14180035311452152     
   24.249428705428336       0.14119185137410703     
   24.277205828802252       0.13631721820825654     
   24.304982952176168       0.12764367097461399     
   24.332760075550084       0.11549120158656867     
   24.360537198924000       0.10000723519596320     
   24.388314322297916        8.1210085298911508E-002
   24.416091445671832        5.9103884898001280E-002
   24.443868569045748        3.3863822077627732E-002
   24.471645692419663        6.0569184932645808E-003
   24.499422815793579       -2.3190866949124644E-002
   24.527199939167495       -5.2201003973676260E-002
   24.554977062541411       -7.8991110261730904E-002
   24.582754185915327      -0.10170114172082234     
   24.610531309289243      -0.11901044907701780     
   24.638308432663159      -0.13036082748903960     
   24.666085556037075      -0.13592539834709930     
   24.693862679410991      -0.13639824528532182     
   24.721639802784907      -0.13272974129521245     
   24.749416926158823      -0.12589988308506436     
   24.777194049532739      -0.11676484200531177     
   24.804971172906654      -0.10597305286981007     
   24.832748296280570       -9.3933401338103337E-002
   24.860525419654486       -8.0818717654755831E-002
   24.888302543028402       -6.6593268955166485E-002
   24.916079666402318       -5.1060249268170745E-002
   24.943856789776234       -3.3934149913455128E-002
   24.971633913150150       -1.4949786879698846E-002
   24.999411036524066        5.9851962375149885E-003
   25.027188159897982        2.8615023398989064E-002
   25.054965283271898        5.2203528982124228E-002
   25.082742406645814        7.5538339482493208E-002
   25.110519530019729        9.7126304810183223E-002
   25.138296653393645       0.11552742982319938     
   25.166073776767561       0.12967589361846160     
   25.193850900141477       0.13903981750163300     
   25.221628023515393       0.14357644608318693     
   25.249405146889309       0.14355223410720930     
   25.277182270263225       0.13933709617156820     
   25.304959393637141       0.13125061911796740     
   25.332736517011057       0.11948673022979192     
   25.360513640384973       0.10411184904205011     
   25.388290763758889        8.5126242375202277E-002
   25.416067887132805        6.2583601561898697E-002
   25.443845010506720        3.6759111004747574E-002
   25.471622133880636        8.3292593980937215E-003
   25.499399257254552       -2.1512978984639036E-002
   25.527176380628468       -5.1099144354848060E-002
   25.554953504002384       -7.8524379665145708E-002
   25.582730627376300      -0.10201997092877529     
   25.610507750750216      -0.12030682644869750     
   25.638284874124132      -0.13278596467498244     
   25.666061997498048      -0.13952017538764053     
   25.693839120871964      -0.14106466317489216     
   25.721616244245880      -0.13824452889066344     
   25.749393367619795      -0.13195424733867922     
   25.777170490993711      -0.12301106119852169     
   25.804947614367627      -0.11206359534284080     
   25.832724737741543       -9.9545966437076361E-002
   25.860501861115459       -8.5668263895726557E-002
   25.888278984489375       -7.0438101537457151E-002
   25.916056107863291       -5.3711794681704839E-002
   25.943833231237207       -3.5277457532206638E-002
   25.971610354611123       -1.4973716915330615E-002
   25.999387477985039        7.1602458758787818E-003
   26.027164601358955        3.0731984785235953E-002
   26.054941724732871        5.4903085834880426E-002
   26.082718848106786        7.8432162534442032E-002
   26.110495971480702        9.9885046017633775E-002
   26.138273094854618       0.11794865833681117     
   26.166050218228534       0.13170893268791548     
   26.193827341602450       0.14076811987175289     
   26.221604464976366       0.14517414737031584     
   26.249381588350282       0.14523238201000693     
   26.277158711724198       0.14130237839041276     
   26.304935835098114       0.13365241875355624     
   26.332712958472030       0.12239688183482568     
   26.360490081845946       0.10751054272729002     
   26.388267205219861        8.8906800010892031E-002
   26.416044328593777        6.6570675266690291E-002
   26.443821451967693        4.0733220475012495E-002
   26.471598575341609        1.2049716829052329E-002
   26.499375698715525       -1.8291414169124970E-002
   26.527152822089441       -4.8614068242114034E-002
   26.554929945463357       -7.6991089387093189E-002
   26.582707068837273      -0.10160915580981286     
   26.610484192211189      -0.12111788632453435     
   26.638261315585105      -0.13482685224963939     
   26.666038438959021      -0.14270383120419450     
   26.693815562332937      -0.14522368829024945     
   26.721592685706852      -0.14315718639359792     
   26.749369809080768      -0.13737193732208922     
   26.777146932454684      -0.12867995973779861     
   26.804924055828600      -0.11773773082648332     
   26.832701179202516      -0.10499279337115471     
   26.860478302576432       -9.0670009200028115E-002
   26.888255425950348       -7.4793141290280266E-002
   26.916032549324264       -5.7240181356549735E-002
   26.943809672698180       -3.7833015045342033E-002
   26.971586796072096       -1.6461674130022880E-002
   26.999363919446012        6.7651220692865150E-003
   27.027141042819927        3.1373780850308571E-002
   27.054918166193843        5.6444612374598441E-002
   27.082695289567759        8.0666538231118551E-002
   27.110472412941675       0.10255649843928628     
   27.138249536315591       0.12078171712114714     
   27.166026659689507       0.13444697324092864     
   27.193803783063423       0.14321814556641368     
   27.221580906437339       0.14724639858070632     
   27.249358029811255       0.14695944536271632     
   27.277135153185171       0.14282834367663388     
   27.304912276559087       0.13519474237138338     
   27.332689399933003       0.12419380085733843     
   27.360466523306918       0.10976948531173840     
   27.388243646680834        9.1764167928598567E-002
   27.416020770054750        7.0064979782172715E-002
   27.443797893428666        4.4787778264761879E-002
   27.471575016802582        1.6462295814642532E-002
   27.499352140176498       -1.3846973819119476E-002
   27.527129263550414       -4.4562072757557782E-002
   27.554906386924330       -7.3794730982982407E-002
   27.582683510298246       -9.9684080861876329E-002
   27.610460633672162      -0.12074338321178851     
   27.638237757046078      -0.13608595397914638     
   27.666014880419993      -0.14547287156064817     
   27.693792003793909      -0.14921196265062547     
   27.721569127167825      -0.14798023378703423     
   27.749346250541741      -0.14263387958085161     
   27.777123373915657      -0.13404143849554009     
   27.804900497289573      -0.12295378094778717     
   27.832677620663489      -0.10991624068610707     
   27.860454744037405       -9.5226972295559972E-002
   27.888231867411321       -7.8944514877185262E-002
   27.916008990785237       -6.0944662070375508E-002
   27.943786114159153       -4.1023508463932108E-002
   27.971563237533069       -1.9039862553443608E-002
   27.999340360906984        4.9183304214050795E-003
   28.027117484280900        3.0377662239703250E-002
   28.054894607654816        5.6391978891382664E-002
   28.082671731028732        8.1591704854367827E-002
   28.110448854402648       0.10440041551505383     
   28.138225977776564       0.12336640689456402     
   28.166003101150480       0.13747958306890906     
   28.193780224524396       0.14633844016430211     
   28.221557347898312       0.15010975002873511     
   28.249334471272228       0.14932603093991087     
   28.277111594646144       0.14462461950502195     
   28.304888718020059       0.13652710904491436     
   28.332665841393975       0.12531531333691415     
   28.360442964767891       0.11101556848906913     
   28.388220088141807        9.3476908222103541E-002
   28.415997211515723        7.2520253150180514E-002
   28.443774334889639        4.8132269638035734E-002
   28.471551458263555        2.0664906343116924E-002
   28.499328581637471       -9.0210434814947862E-003
   28.527105705011387       -3.9541370197686131E-002
   28.554882828385303       -6.9145369635427445E-002
   28.582659951759219       -9.6011180625261219E-002
   28.610437075133134      -0.11857217514267479     
   28.638214198507050      -0.13575435126923513     
   28.665991321880966      -0.14706344158074075     
   28.693768445254882      -0.15253886896673974     
   28.721545568628798      -0.15263311459417683     
   28.749322692002714      -0.14806831917471383     
   28.777099815376630      -0.13969448514957628     
   28.804876938750546      -0.12835507091999168     
   28.832654062124462      -0.11476546225883878     
   28.860431185498378       -9.9419033217975059E-002
   28.888208308872294       -8.2541078474755364E-002
   28.915985432246210       -6.4106679027100835E-002
   28.943762555620125       -4.3927482621354902E-002
   28.971539678994041       -2.1799877282637620E-002
   28.999316802367957        2.3062974184110477E-003
   29.027093925741873        2.8057691069900678E-002
   29.054871049115789        5.4627836027926709E-002
   29.082648172489705        8.0700171068429360E-002
   29.110425295863621       0.10464716964158823     
   29.138202419237537       0.12485407381112898     
   29.165979542611453       0.14007333422343493     
   29.193756665985369       0.14966856513316071     
   29.221533789359285       0.15365979516423933     
   29.249310912733200       0.15257617651529715     
   29.277088036107116       0.14719643343629590     
   29.304865159481032       0.13827975643516155     
   29.332642282854948       0.12636857532168419     
   29.360419406228864       0.11170440946627855     
   29.388196529602780        9.4260586173505648E-002
   29.415973652976696        7.3871871945978260E-002
   29.443750776350612        5.0428841021432712E-002
   29.471527899724528        2.4093368229181202E-002
   29.499305023098444       -4.5254590272901319E-003
   29.527082146472360       -3.4306792335517373E-002
   29.554859269846276       -6.3715343006892897E-002
   29.582636393220191       -9.1046323127332032E-002
   29.610413516594107      -0.11472855369661608     
   29.638190639968023      -0.13356900224568233     
   29.665967763341939      -0.14686637874817882     
   29.693744886715855      -0.15439865636671271     
   29.721522010089771      -0.15633998906777910     
   29.749299133463687      -0.15316216114139120     
   29.777076256837603      -0.14554377256618117     
   29.804853380211519      -0.13428027955525038     
   29.832630503585435      -0.12018056075404730     
   29.860407626959351      -0.10395096660073264     
   29.888184750333266       -8.6090571700340929E-002
   29.915961873707182       -6.6833542154451961E-002
   29.943738997081098       -4.6168115337293862E-002
   29.971516120455014       -2.3941800834964118E-002
   29.999293243828930       -3.8574251948101041E-005
   30.027070367202846        2.5409915860344169E-002
   30.054847490576762        5.1840659986261653E-002
   30.082624613950678        7.8179845617803848E-002
   30.110401737324594       0.10293012918415315     
   30.138178860698510       0.12442837113757962     
   30.165955984072426       0.14119532058965312     
   30.193733107446342       0.15224722088252748     
   30.221510230820257       0.15725750694333673     
   30.249287354194173       0.15652845116588446     
   30.277064477568089       0.15080720483781543     
   30.304841600942005       0.14102316446393487     
   30.332618724315921       0.12803133306244247     
   30.360395847689837       0.11243065492982804     
   30.388172971063753        9.4497313850930770E-002
   30.415950094437669        7.4240049816066564E-002
   30.443727217811585        5.1556344148570292E-002
   30.471504341185501        2.6447126199869747E-002
   30.499281464559417       -7.7045033285673891E-004
   30.527058587933332       -2.9325881392649019E-002
   30.554835711307248       -5.7999370889236512E-002
   30.582612834681164       -8.5285264610950109E-002
   30.610389958055080      -0.10965877017429038     
   30.638167081428996      -0.12983757748512342     
   30.665944204802912      -0.14494267465465030     
   30.693721328176828      -0.15452981462538756     
   30.721498451550744      -0.15853070139749109     
   30.749275574924660      -0.15716742395184061     
   30.777052698298576      -0.15088335883248852     
   30.804829821672492      -0.14029546381250879     
   30.832606945046408      -0.12614482544187655     
   30.860384068420323      -0.10921987849676260     
   30.888161191794239       -9.0248828680224338E-002
   30.915938315168155       -6.9788589467010304E-002
   30.943715438542071       -4.8155678989530437E-002
   30.971492561915987       -2.5438145034361113E-002
   30.999269685289903       -1.6014021656053992E-003
   31.027046808663819        2.3331894186847543E-002
   31.054823932037735        4.9077613686235852E-002
   31.082601055411651        7.4932812543912666E-002
   31.110378178785567        9.9739495014048607E-002
   31.138155302159483       0.12201255967647519     
   31.165932425533398       0.14020950145054961     
   31.193709548907314       0.15305170600077536     
   31.221486672281230       0.15978269612799850     
   31.249263795655146       0.16028232326310793     
   31.277040919029062       0.15501831251019554     
   31.304818042402978       0.14486873953665808     
   31.332595165776894       0.13087651559493010     
   31.360372289150810       0.11400570270616846     
   31.388149412524726        9.4964155469319120E-002
   31.415926535898642        7.4136529372709689E-002
