   0.0000000000000000        0.0000000000000000     
   2.7777123373915059E-002   2.7355126455008170E-002
   5.5554246747830119E-002   5.3887610929850532E-002
   8.3331370121745185E-002   7.8803511964691098E-002
  0.11110849349566024       0.10136021080544519     
  0.13888561686957529       0.12088684197216754     
  0.16666274024349034       0.13680228592176927     
  0.19443986361740540       0.14863064220181924     
  0.22221698699132045       0.15601417012124741     
  0.24999411036523550       0.15872364335336411     
  0.27777123373915058       0.15666593505009230     
  0.30554835711306566       0.14988848234445590     
  0.33332548048698074       0.13858014503144930     
  0.36110260386089582       0.12306794456646025     
  0.38887972723481090       0.10380929369023695     
  0.41665685060872598        8.1379604713501932E-002
  0.44443397398264106        5.6455540643514796E-002
  0.47221109735655614        2.9794549155018522E-002
  0.49998822073047122        2.2115860896082589E-003
  0.52776534410438625       -2.5445983002920350E-002
  0.55554246747830127       -5.2324426504380385E-002
  0.58331959085221630       -7.7589996712903744E-002
  0.61109671422613132      -0.10045518767092630     
  0.63887383760004635      -0.12020460541605076     
  0.66665096097396137      -0.13622001516696536     
  0.69442808434787640      -0.14800372300100043     
  0.72220520772179142      -0.15519887100872823     
  0.74998233109570644      -0.15760469640797697     
  0.77775945446962147      -0.15518462710981176     
  0.80553657784353649      -0.14806552097247280     
  0.83331370121745152      -0.13652747074875829     
  0.86109082459136654      -0.12098515503171418     
  0.88886794796528157      -0.10196321865262592     
  0.91664507133919659       -8.0069070648537619E-002
  0.94442219471311162       -5.5966487332082690E-002
  0.97219931808702664       -3.0352586796115182E-002
  0.99997644146094167       -3.9394921087395618E-003
   1.0277535648348568        2.2559226272558429E-002
   1.0555306882087718        4.8438163154569995E-002
   1.0833078115826869        7.3007158927877527E-002
   1.1110849349566019        9.5597589870813723E-002
   1.1388620583305169       0.11556979117057865     
   1.1666391817044319       0.13232357266044761     
   1.1944163050783470       0.14531357106566548     
   1.2221934284522620       0.15407051677467914     
   1.2499705518261770       0.15822817786903823     
   1.2777476752000920       0.15755373101763906     
   1.3055247985740071       0.15197692079523420     
   1.3333019219479221       0.14161145926717944     
   1.3610790453218371       0.12676192013236953     
   1.3888561686957521       0.10791186727343514     
   1.4166332920696671        8.5693914654488682E-002
   1.4444104154435822        6.0847994352508698E-002
   1.4721875388174972        3.4177568479381255E-002
   1.4999646621914122        6.5129579268289163E-003
   1.5277417855653272       -2.1313281377710609E-002
   1.5555189089392423       -4.8479567187070333E-002
   1.5832960323131573       -7.4181928088168245E-002
   1.6110731556870723       -9.7640461604072221E-002
   1.6388502790609873      -0.11811128964480186     
   1.6666274024349024      -0.13490784915762899     
   1.6944045258088174      -0.14743307866353061     
   1.7221816491827324      -0.15522113584036362     
   1.7499587725566474      -0.15798322799853845     
   1.7777358959305625      -0.15564742165380552     
   1.8055130193044775      -0.14837914309322833     
   1.8332901426783925      -0.13657076869572976     
   1.8610672660523075      -0.12079703775884128     
   1.8888443894262226      -0.10174558600089068     
   1.9166215128001376       -8.0142140691798605E-002
   1.9443986361740526       -5.6691383250717653E-002
   1.9721757595479676       -3.2046077407418543E-002
   1.9999528829218827       -6.8041745234357753E-003
   2.0277300062957977        1.8476182323004565E-002
   2.0555071296697127        4.3256305762746951E-002
   2.0832842530436277        6.7000070137264792E-002
   2.1110613764175428        8.9163559198057671E-002
   2.1388384997914578       0.10919052199424831     
   2.1666156231653728       0.12651250204548506     
   2.1943927465392878       0.14055468993351866     
   2.2221698699132029       0.15075133892943038     
   2.2499469932871179       0.15657596285940475     
   2.2777241166610329       0.15758994947341656     
   2.3055012400349479       0.15350774563526437     
   2.3332783634088630       0.14426773183769245     
   2.3610554867827780       0.13008819953416875     
   2.3888326101566930       0.11148357386758416     
   2.4166097335306080        8.9223878869944664E-002
   2.4443868569045231        6.4241410312153496E-002
   2.4721639802784381        3.7513165692888685E-002
   2.4999411036523531        9.9600477607044487E-003
   2.5277182270262681       -1.7605181780566307E-002
   2.5554953504001832       -4.4474015938744234E-002
   2.5832724737740982       -6.9999793731819887E-002
   2.6110495971480132       -9.3545692269224059E-002
   2.6388267205219282      -0.11444875096864801     
   2.6666038438958433      -0.13201441196832181     
   2.6943809672697583      -0.14554522392475622     
   2.7221580906436733      -0.15440072277265815     
   2.7499352140175883      -0.15808151641103438     
   2.7777123373915034      -0.15632477354662311     
   2.8054894607654184      -0.14918824765298150     
   2.8332665841393334      -0.13709032897011453     
   2.8610437075132484      -0.12077601492501869     
   2.8888208308871635      -0.10120218305449717     
   2.9165979542610785       -7.9373263181263642E-002
   2.9443750776349935       -5.6186311507588467E-002
   2.9721522010089085       -3.2340534950979043E-002
   2.9999293243828236       -8.3321953812370564E-003
   3.0277064477567386        1.5484194985546592E-002
   3.0554835711306536        3.8809123019862765E-002
   3.0832606945045686        6.1323379142750413E-002
   3.1110378178784837        8.2644864937983606E-002
   3.1388149412523987       0.10231689775995555     
   3.1665920646263137       0.11981634151557484     
   3.1943691880002287       0.13456861000333351     
   3.2221463113741438       0.14596342530866929     
   3.2499234347480588       0.15337536413576755     
   3.2777005581219738       0.15620132415902310     
   3.3054776814958888       0.15392828859015120     
   3.3332548048698039       0.14623548927121494     
   3.3610319282437189       0.13311452016917902     
   3.3888090516176339       0.11496563226944732     
   3.4165861749915489        9.2615206323779273E-002
   3.4443632983654640        6.7218038488888160E-002
   3.4721404217393790        4.0060696170111015E-002
   3.4999175451132940        1.2338992419707056E-002
   3.5276946684872090       -1.4999558952134989E-002
   3.5554717918611241       -4.1293905177618016E-002
   3.5832489152350391       -6.6096043482515285E-002
   3.6110260386089541       -8.9039096815635529E-002
   3.6388031619828691      -0.10970880873013901     
   3.6665802853567842      -0.12756260327031149     
   3.6943574087306992      -0.14191555978499143     
   3.7221345321046142      -0.15199388390301216     
   3.7499116554785292      -0.15704638904797891     
   3.7776887788524443      -0.15649806505485145     
   3.8054659022263593      -0.15011862426422709     
   3.8332430256002743      -0.13815945203203364     
   3.8610201489741893      -0.12139620801810024     
   3.8887972723481044      -0.10102720573666449     
   3.9165743957220194       -7.8434988169342329E-002
   3.9443515190959344       -5.4894381622744182E-002
   3.9721286424698494       -3.1346651915476309E-002
   3.9999057658437644       -8.3223652291258190E-003
   4.0276828892176795        1.3985706894019892E-002
   4.0554600125915945        3.5563103560059962E-002
   4.0832371359655095        5.6406135719374015E-002
   4.1110142593394245        7.6400780022014211E-002
   4.1387913827133396        9.5267008395932246E-002
   4.1665685060872546       0.11255953804028425     
   4.1943456294611696       0.12770167197891991     
   4.2221227528350846       0.14002825048231779     
   4.2498998762089997       0.14882421050806297     
   4.2776769995829147       0.15336184791657459     
   4.3054541229568297       0.15295504920184816     
   4.3332312463307447       0.14705344106883692     
   4.3610083697046598       0.13538501311901896     
   4.3887854930785748       0.11811959701848014     
   4.4165626164524898        9.5981420083911861E-002
   4.4443397398264048        7.0222575489645375E-002
   4.4721168632003199        4.2416680215874816E-002
   4.4998939865742349        1.4132523840515656E-002
   4.5276711099481499       -1.3371409272487405E-002
   4.5554482333220649       -3.9300219328930207E-002
   4.5832253566959800       -6.3283714908103653E-002
   4.6110024800698950       -8.5201234478486931E-002
   4.6387796034438100      -0.10496506614697713     
   4.6665567268177250      -0.12234109148618483     
   4.6943338501916401      -0.13684951447756991     
   4.7221109735655551      -0.14776024022330159     
   4.7498880969394701      -0.15418230845776151     
   4.7776652203133851      -0.15523812776780263     
   4.8054423436873002      -0.15030042778498803     
   4.8332194670612152      -0.13924323970745123     
   4.8609965904351302      -0.12262094382888310     
   4.8887737138090452      -0.10167169026768762     
   4.9165508371829603       -7.8088259831806797E-002
   4.9443279605568753       -5.3615377488640190E-002
   4.9721050839307903       -2.9642404269793716E-002
   4.9998822073047053       -6.9669970591221490E-003
   5.0276593306786204        1.4200572783275535E-002
   5.0554364540525354        3.4049621653671980E-002
   5.0832135774264504        5.2914042256282129E-002
   5.1109907008003654        7.1048917239066270E-002
   5.1387678241742805        8.8488522597594405E-002
   5.1665449475481955       0.10499296813620486     
   5.1943220709221105       0.12006548516356048     
   5.2220991942960255       0.13301131243471787     
   5.2498763176699406       0.14300970044872716     
   5.2776534410438556       0.14918243531147984     
   5.3054305644177706       0.15066239897972084     
   5.3332076877916856       0.14668485961830635     
   5.3609848111656007       0.13672803492644930     
   5.3887619345395157       0.12070374561103749     
   5.4165390579134307        9.9142738772194317E-002
   5.4443161812873457        7.3263835812911487E-002
   5.4720933046612608        4.4823145912990081E-002
   5.4998704280351758        1.5745485032412902E-002
   5.5276475514090908       -1.2314832205436950E-002
   5.5554246747830058       -3.8279157033610164E-002
   5.5832017981569209       -6.1697280002734875E-002
   5.6109789215308359       -8.2577190432042688E-002
   5.6387560449047509      -0.10111037280261279     
   5.6665331682786659      -0.11740754661462988     
   5.6943102916525810      -0.13131128178835128     
   5.7220874150264960      -0.14231119497634176     
   5.7498645384004110      -0.14957018286507986     
   5.7776416617743260      -0.15206548438133785     
   5.8054187851482411      -0.14883907669633320     
   5.8331959085221561      -0.13932332074010506     
   5.8609730318960711      -0.12365521158027162     
   5.8887501552699861      -0.10283998865703177     
   5.9165272786439012       -7.8633127961874633E-002
   5.9443044020178162       -5.3127288052672160E-002
   5.9720815253917312       -2.8206280588925568E-002
   5.9998586487656462       -5.1172434921807758E-003
   6.0276357721395613        1.5671026209191377E-002
   6.0554128955134763        3.4331576217372900E-002
   6.0831900188873913        5.1393554331144203E-002
   6.1109671422613063        6.7444203024689328E-002
   6.1387442656352214        8.2899404087425466E-002
   6.1665213890091364        9.7868074553185649E-002
   6.1942985123830514       0.11210502893055624     
   6.2220756357569664       0.12503397065156796     
   6.2498527591308815       0.13581670524850242     
   6.2776298825047965       0.14344523173178517     
   6.3054070058787115       0.14684381021220883     
   6.3331841292526265       0.14498755212204834     
   6.3609612526265416       0.13706082306614228     
   6.3887383760004566       0.12267175425440134     
   6.4165154993743716       0.10209118067168051     
   6.4442926227482866        7.6409019002092252E-002
   6.4720697461222016        4.7463903174145831E-002
   6.4998468694961167        1.7481164161086079E-002
   6.5276239928700317       -1.1464739300147476E-002
   6.5554011162439467       -3.7911997668851789E-002
   6.5831782396178617       -6.1191973561875557E-002
   6.6109553629917768       -8.1305038603838323E-002
   6.6387324863656918       -9.8618877597962493E-002
   6.6665096097396068      -0.11354139462695222     
   6.6942867331135218      -0.12626149150132535     
   6.7220638564874369      -0.13659047228447832     
   6.7498409798613519      -0.14391255937885117     
   6.7776181032352669      -0.14725592655142467     
   6.8053952266091819      -0.14549978119983775     
   6.8331723499830970      -0.13771335279059285     
   6.8609494733570120      -0.12356340643282726     
   6.8887265967309270      -0.10364128384726813     
   6.9165037201048420       -7.9515357775994749E-002
   6.9442808434787571       -5.3400732375079411E-002
   6.9720579668526721       -2.7553233375058835E-002
   6.9998350902265871       -3.6779346856056750E-003
   7.0276122136005021        1.7379836817830455E-002
   7.0553893369744172        3.5594072831409841E-002
   7.0831664603483322        5.1489360947190692E-002
   7.1109435837222472        6.5812845603218470E-002
   7.1387207070961622        7.9256672704907119E-002
   7.1664978304700773        9.2267238774746699E-002
   7.1942749538439923       0.10493789028989223     
   7.2220520772179073       0.11697169024802137     
   7.2498292005918223       0.12770119413564612     
   7.2776063239657374       0.13615277179216448     
   7.3053834473396524       0.14114562962084823     
   7.3331605707135674       0.14142552755319521     
   7.3609376940874824       0.13584810749937359     
   7.3887148174613975       0.12363017916506694     
   7.4164919408353125       0.10465313551203009     
   7.4442690642092275        7.9722579742645114E-002
   7.4720461875831425        5.0613144275036187E-002
   7.4998233109570576        1.9762516640674320E-002
   7.5276004343309726       -1.0329892496174621E-002
   7.5553775577048876       -3.7728235644559904E-002
   7.5831546810788026       -6.1409420527854315E-002
   7.6109318044527177       -8.1228464559028171E-002
   7.6387089278266327       -9.7614769908718313E-002
   7.6664860512005477      -0.11119199072959700     
   7.6942631745744627      -0.12245555616900730     
   7.7220402979483778      -0.13155491456170060     
   7.7498174213222928      -0.13818321402980921     
   7.7775945446962078      -0.14157836392382853     
   7.8053716680701228      -0.14065724922266185     
   7.8331487914440379      -0.13430623834606548     
   7.8609259148179529      -0.12180697553737899     
   7.8887030381918679      -0.10327841877254008     
   7.9164801615657829       -7.9915751783110431E-002
   7.9442572849396980       -5.3822885936212601E-002
   7.9720344083136130       -2.7441118307755624E-002
   7.9998115316875280       -2.8465049176342513E-003
   8.0275886550614430        1.8729168530378155E-002
   8.0553657784353589        3.6983084763708617E-002
   8.0831429018092749        5.2316152387222245E-002
   8.1109200251831908        6.5493621850490666E-002
   8.1386971485571067        7.7339419120563899E-002
   8.1664742719310226        8.8517547540431646E-002
   8.1942513953049385        9.9395276519641432E-002
   8.2220285186788544       0.10996854505449638     
   8.2498056420527703       0.11983609895189552     
   8.2775827654266863       0.12821661412250529     
   8.3053598888006022       0.13400811014961228     
   8.3331370121745181       0.13589547236854038     
   8.3609141355484340       0.13252258346624052     
   8.3886912589223499       0.12275168898656701     
   8.4164683822962658       0.10600992895580889     
   8.4442455056701817        8.2648334186810446E-002
   8.4720226290440976        5.4136774442936055E-002
   8.4997997524180136        2.2894746464525037E-002
   8.5275768757919295       -8.2822972792828287E-003
   8.5553539991658454       -3.6967691747654324E-002
   8.5831311225397613       -6.1649060139521830E-002
   8.6109082459136772       -8.1851398021221100E-002
   8.6386853692875931       -9.7892313112711252E-002
   8.6664624926615090      -0.11048058877716166     
   8.6942396160354249      -0.12033963960062943     
   8.7220167394093409      -0.12793283868557753     
   8.7497938627832568      -0.13329715277654214     
   8.7775709861571727      -0.13598040166014727     
   8.8053481095310886      -0.13509924112649910     
   8.8331252329050045      -0.12955294223191710     
   8.8609023562789204      -0.11840713433821524     
   8.8886794796528363      -0.10137658072041787     
   8.9164566030267522       -7.9208772412458092E-002
   8.9442337264006682       -5.3710972702147086E-002
   8.9720108497745841       -2.7305149564982235E-002
   8.9997879731485000       -2.2993036941641207E-003
   9.0275650965224159        1.9735422895045159E-002
   9.0553422198963318        3.8198762051515567E-002
   9.0831193432702477        5.3312231004213603E-002
   9.1108964666441636        6.5784495829294853E-002
   9.1386735900180796        7.6480811253827510E-002
   9.1664507133919955        8.6181085671453536E-002
   9.1942278367659114        9.5427722457593775E-002
   9.2220049601398273       0.10443617625386480     
   9.2497820835137432       0.11304653201398672     
   9.2775592068876591       0.12070792183847033     
   9.3053363302615750       0.12649852507931247     
   9.3331134536354909       0.12919270764709295     
   9.3608905770094069       0.12739647183279165     
   9.3886677003833228       0.11977919661061234     
   9.4164448237572387       0.10541590569891565     
   9.4442219471311546        8.4193317559192654E-002
   9.4719990705050705        5.7125853078432737E-002
   9.4997761938789864        2.6355554497447482E-002
   9.5275533172529023       -5.2957597016123226E-003
   9.5553304406268182       -3.5081135114595298E-002
   9.5831075640007342       -6.1018224601389247E-002
   9.6108846873746501       -8.2192781034532272E-002
   9.6386618107485660       -9.8632738504155479E-002
   9.6664389341224819      -0.11094054126251073     
   9.6942160574963978      -0.11989870234858671     
   9.7219931808703137      -0.12616187437837989     
   9.7497703042442296      -0.13005397845671382     
   9.7775474276181455      -0.13145864666608009     
   9.8053245509920615      -0.12980944621806220     
   9.8331016743659774      -0.12421487590717613     
   9.8608787977398933      -0.11375415197174819     
   9.8886559211138092       -9.7920262727411098E-002
   9.9164330444877251       -7.7064091274605950E-002
   9.9442101678616410       -5.2586214590795474E-002
   9.9719872912355569       -2.6677969897759914E-002
   9.9997644146094729       -1.6787781781418044E-003
   10.027541537983389        2.0608718163986642E-002
   10.055318661357305        3.9294368436447555E-002
   10.083095784731221        5.4369233864236158E-002
   10.110872908105137        6.6418429235030468E-002
   10.138650031479052        7.6285480593607902E-002
   10.166427154852968        8.4807986396770771E-002
   10.194204278226884        9.2645803844019742E-002
   10.221981401600800       0.10017719423512030     
   10.249758524974716       0.10743594899761988     
   10.277535648348632       0.11407617148967303     
   10.305312771722548       0.11936575620033614     
   10.333089895096464       0.12222175550996218     
   10.360867018470380       0.12131173744944435     
   10.388644141844296       0.11525207567431837     
   10.416421265218212       0.10292403508766194     
   10.444198388592127        8.3879286293000330E-002
   10.471975511966043        5.8710286116685606E-002
   10.499752635339959        2.9172254193649799E-002
   10.527529758713875       -2.1173111043679546E-003
   10.555306882087791       -3.2349538325305405E-002
   10.583084005461707       -5.9252648523403770E-002
   10.610861128835623       -8.1524512824119530E-002
   10.638638252209539       -9.8839180033343854E-002
   10.666415375583455      -0.11155627942945959     
   10.694192498957371      -0.12034855539565309     
   10.721969622331287      -0.12588919217959613     
   10.749746745705202      -0.12863730309000698     
   10.777523869079118      -0.12871027370073646     
   10.805300992453034      -0.12583826792420946     
   10.833078115826950      -0.11942570201827978     
   10.860855239200866      -0.10875893482183173     
   10.888632362574782       -9.3363859378263622E-002
   10.916409485948698       -7.3416977139223752E-002
   10.944186609322614       -4.9999199993333646E-002
   10.971963732696530       -2.4980142581614292E-002
   10.999740856070446       -5.1709493233029235E-004
   11.027517979444362        2.1577159772122118E-002
   11.055295102818278        4.0259624376805754E-002
   11.083072226192193        5.5319127537937648E-002
   11.110849349566109        6.7164683732934771E-002
   11.138626472940025        7.6527544472156497E-002
   11.166403596313941        8.4207814219888460E-002
   11.194180719687857        9.0901898189489003E-002
   11.221957843061773        9.7092742314552186E-002
   11.249734966435689       0.10297538629720300     
   11.277512089809605       0.10840192281846023     
   11.305289213183521       0.11284577138926778     
   11.333066336557437       0.11540062805319949     
   11.360843459931353       0.11484381608410055     
   11.388620583305268       0.10980217272935315     
   11.416397706679184        9.9047962009859547E-002
   11.444174830053100        8.1903665460745304E-002
   11.471951953427016        5.8642113534948422E-002
   11.499729076800932        3.0678214747141754E-002
   11.527506200174848        3.6695367125487649E-004
   11.555283323548764       -2.9583474748710870E-002
   11.583060446922680       -5.6818783400015796E-002
   11.610837570296596       -7.9820617013440107E-002
   11.638614693670512       -9.7994748002055834E-002
   11.666391817044428      -0.11144931214309339     
   11.694168940418344      -0.12066186019014816     
   11.721946063792259      -0.12618618685542451     
   11.749723187166175      -0.12845059252802352     
   11.777500310540091      -0.12763951401301896     
   11.805277433914007      -0.12364643437632526     
   11.833054557287923      -0.11611121299238004     
   11.860831680661839      -0.10457398759807177     
   11.888608804035755       -8.8756759551566061E-002
   11.916385927409671       -6.8904450321506425E-002
   11.944163050783587       -4.6014485133064061E-002
   11.971940174157503       -2.1764480033328745E-002
   11.999717297531419        1.9001241981387771E-003
   12.027494420905334        2.3317244634445341E-002
   12.055271544279250        4.1498212116531846E-002
   12.083048667653166        5.6199057692217246E-002
   12.110825791027082        6.7739526289749816E-002
   12.138602914400998        7.6739088087203700E-002
   12.166380037774914        8.3894600153612151E-002
   12.194157161148830        8.9834759822024615E-002
   12.221934284522746        9.5031789775129133E-002
   12.249711407896662        9.9740142468232970E-002
   12.277488531270578       0.10394287503489731     
   12.305265654644494       0.10730173711251323     
   12.333042778018410       0.10912345245488719     
   12.360819901392325       0.10837359178203504     
   12.388597024766241       0.10378616357139475     
   12.416374148140157        9.4114594060815085E-002
   12.444151271514073        7.8523143217221036E-002
   12.471928394887989        5.7017570992871469E-002
   12.499705518261905        3.0706932420357200E-002
   12.527482641635821        1.6869373225178248E-003
   12.555259765009737       -2.7481890780386976E-002
   12.583036888383653       -5.4462761175223258E-002
   12.610814011757569       -7.7650782941274685E-002
   12.638591135131485       -9.6306591598471700E-002
   12.666368258505400      -0.11037341378513175     
   12.694145381879316      -0.12016744318766319     
   12.721922505253232      -0.12609865949878094     
   12.749699628627148      -0.12848294694290438     
   12.777476752001064      -0.12744100313843831     
   12.805253875374980      -0.12286835726273332     
   12.833030998748896      -0.11448163527854675     
   12.860808122122812      -0.10196490159818836     
   12.888585245496728       -8.5223300806983288E-002
   12.916362368870644       -6.4680792494823336E-002
   12.944139492244560       -4.1465123636821762E-002
   12.971916615618476       -1.7305387247959186E-002
   12.999693738992391        5.8878152522154953E-003
   13.027470862366307        2.6558691256762457E-002
   13.055247985740223        4.3862963174568649E-002
   13.083025109114139        5.7695034533300049E-002
   13.110802232488055        6.8466426374370379E-002
   13.138579355861971        7.6820207729288784E-002
   13.166356479235887        8.3412785451464050E-002
   13.194133602609803        8.8793290241885342E-002
   13.221910725983719        9.3350001132022867E-002
   13.249687849357635        9.7283359857031085E-002
   13.277464972731551       0.10057952770865111     
   13.305242096105466       0.10297577310577520     
   13.333019219479382       0.10392454118552452     
   13.360796342853298       0.10258120583770633     
   13.388573466227214        9.7861863808675315E-002
   13.416350589601130        8.8627924812226380E-002
   13.444127712975046        7.4023513102891569E-002
   13.471904836348962        5.3896549745648843E-002
   13.499681959722878        2.9109040641141420E-002
   13.527459083096794        1.5045625730388053E-003
   13.555236206470710       -2.6540688762970947E-002
   13.583013329844626       -5.2778880354270565E-002
   13.610790453218542       -7.5613065619134501E-002
   13.638567576592457       -9.4259426453896844E-002
   13.666344699966373      -0.10858514143549011     
   13.694121823340289      -0.11880832473527898     
   13.721898946714205      -0.12522489178452162     
   13.749676070088121      -0.12803051323141509     
   13.777453193462037      -0.12723475604043982     
   13.805230316835953      -0.12264838602368747     
   13.833007440209869      -0.11394408652741750     
   13.860784563583785      -0.10081151899630500     
   13.888561686957701       -8.3214688451403521E-002
   13.916338810331617       -6.1690701184787186E-002
   13.944115933705532       -3.7530784050884843E-002
   13.971893057079448       -1.2657949421398062E-002
   13.999670180453364        1.0839167586790070E-002
   14.027447303827280        3.1305127732524744E-002
   14.055224427201196        4.7917830991208256E-002
   14.083001550575112        6.0708230480964166E-002
   14.110778673949028        7.0283091388739560E-002
   14.138555797322944        7.7468881831072298E-002
   14.166332920696860        8.3042525596085034E-002
   14.194110044070776        8.7593612501361134E-002
   14.221887167444692        9.1482663669272560E-002
   14.249664290818608        9.4842501403346907E-002
   14.277441414192523        9.7585790090720631E-002
   14.305218537566439        9.9403183184983687E-002
   14.332995660940355        9.9753403241809563E-002
   14.360772784314271        9.7862575677613417E-002
   14.388549907688187        9.2769789036099962E-002
   14.416327031062103        8.3471442506220100E-002
   14.444104154436019        6.9201395443502456E-002
   14.471881277809935        4.9806230262239001E-002
   14.499658401183851        2.6050856197247365E-002
   14.527435524557767       -3.7379450778080850E-004
   14.555212647931683       -2.7244894791275880E-002
   14.582989771305598       -5.2435415757641053E-002
   14.610766894679514       -7.4433155812638388E-002
   14.638544018053430       -9.2510935937460945E-002
   14.666321141427346      -0.10656601747079059     
   14.694098264801262      -0.11681324311286138     
   14.721875388175178      -0.12350484637094766     
   14.749652511549094      -0.12675248170642173     
   14.777429634923010      -0.12645064485463328     
   14.805206758296926      -0.12227986753444739     
   14.832983881670842      -0.11378565989687232     
   14.860761005044758      -0.10055188384500983     
   14.888538128418674       -8.2478579092844312E-002
   14.916315251792589       -6.0106800976228211E-002
   14.944092375166505       -3.4826847054706511E-002
   14.971869498540421       -8.7641762338893075E-003
   14.999646621914337        1.5722796146337356E-002
   15.027423745288253        3.6723499038716086E-002
   15.055200868662169        5.3265587092435653E-002
   15.082977992036085        6.5381906049923277E-002
   15.110755115410001        7.3815659029542013E-002
   15.138532238783917        7.9601928801438973E-002
   15.166309362157833        8.3729256645623265E-002
   15.194086485531749        8.6953421917341733E-002
   15.221863608905664        8.9735401198370909E-002
   15.249640732279580        9.2244131155613612E-002
   15.277417855653496        9.4377389930247510E-002
   15.305194979027412        9.5778646435460801E-002
   15.332972102401328        9.5848301364924490E-002
   15.360749225775244        9.3764110790482996E-002
   15.388526349149160        8.8542647390444429E-002
   15.416303472523076        7.9187978563996675E-002
   15.444080595896992        6.4962930402467811E-002
   15.471857719270908        4.5749866606331215E-002
   15.499634842644824        2.2347133801123006E-002
   15.527411966018740       -3.5268369738843844E-003
   15.555189089392655       -2.9637954705362641E-002
   15.582966212766571       -5.3885990177774096E-002
   15.610743336140487       -7.4840506576035762E-002
   15.638520459514403       -9.1902791682458629E-002
   15.666297582888319      -0.10511223317759648     
   15.694074706262235      -0.11480033030383575     
   15.721851829636151      -0.12128269043998925     
   15.749628953010067      -0.12467005481832993     
   15.777406076383983      -0.12479387523444550     
   15.805183199757899      -0.12121835846671911     
   15.832960323131815      -0.11333040192685226     
   15.860737446505730      -0.10052730316252020     
   15.888514569879646       -8.2521145123850684E-002
   15.916291693253562       -5.9713175624786098E-002
   15.944068816627478       -3.3469988083596539E-002
   15.971845940001394       -6.0609056734727672E-003
   15.999623063375310        1.9858323194241956E-002
   16.027400186749226        4.2020578540698503E-002
   16.055177310123142        5.9165007659027539E-002
   16.082954433497058        7.1192278411590981E-002
   16.110731556870974        7.8882479847660933E-002
   16.138508680244890        8.3429297573279354E-002
   16.166285803618806        8.6033238416160507E-002
   16.194062926992721        8.7657802401094026E-002
   16.221840050366637        8.8933895996955101E-002
   16.249617173740553        9.0151325223340253E-002
   16.277394297114469        9.1281729007650275E-002
   16.305171420488385        9.2001806136224107E-002
   16.332948543862301        9.1709977356494068E-002
   16.360725667236217        8.9549678872431912E-002
   16.388502790610133        8.4471585351046014E-002
   16.416279913984049        7.5383619729634171E-002
   16.444057037357965        6.1431950742562559E-002
   16.471834160731881        4.2392153605579311E-002
   16.499611284105796        1.9018952660119437E-002
   16.527388407479712       -6.9020014772347522E-003
   16.555165530853628       -3.2967081982156726E-002
   16.582942654227544       -5.6887731183436679E-002
   16.610719777601460       -7.7134670450444059E-002
   16.638496900975376       -9.3156732347077845E-002
   16.666274024349292      -0.10516450066678237     
   16.694051147723208      -0.11371378466206794     
   16.721828271097124      -0.11932605420413940     
   16.749605394471040      -0.12225234654975460     
   16.777382517844956      -0.12237795257915485     
   16.805159641218872      -0.11923027777544425     
   16.832936764592787      -0.11207090043698648     
   16.860713887966703      -0.10008806873472846     
   16.888491011340619       -8.2718448747647375E-002
   16.916268134714535       -6.0073778999502669E-002
   16.944045258088451       -3.3316938682523861E-002
   16.971822381462367       -4.7138567608312632E-003
   16.999599504836283        2.2834124837899580E-002
   17.027376628210199        4.6641984909253004E-002
   17.055153751584115        6.5025026031287569E-002
   17.082930874958031        7.7604272195998469E-002
   17.110707998331947        8.5081803722080102E-002
   17.138485121705862        8.8743123118826261E-002
   17.166262245079778        8.9978221244888079E-002
   17.194039368453694        8.9968838262917419E-002
   17.221816491827610        8.9547205313645323E-002
   17.249593615201526        8.9166908230027153E-002
   17.277370738575442        8.8923082850805621E-002
   17.305147861949358        8.8581091765549139E-002
   17.332924985323274        8.7598272446515635E-002
   17.360702108697190        8.5145896361080817E-002
   17.388479232071106        8.0160167011225830E-002
   17.416256355445022        7.1472252179260051E-002
   17.444033478818938        5.8072681049654080E-002
   17.471810602192853        3.9517015882806726E-002
   17.499587725566769        1.6349037706570695E-002
   17.527364848940685       -9.7298743969363791E-003
   17.555141972314601       -3.6192848760247733E-002
   17.582919095688517       -6.0462150073116533E-002
   17.610696219062433       -8.0705593094504410E-002
   17.638473342436349       -9.6207657523707940E-002
   17.666250465810265      -0.10721019943263455     
   17.694027589184181      -0.11445527102611934     
   17.721804712558097      -0.11872336771483107     
   17.749581835932013      -0.12052229664227869     
   17.777358959305928      -0.11994092762697946     
   17.805136082679844      -0.11662587179529904     
   17.832913206053760      -0.10985116610626212     
   17.860690329427676       -9.8689678201086220E-002
   17.888467452801592       -8.2321194577305995E-002
   17.916244576175508       -6.0481150329032618E-002
   17.944021699549424       -3.3932433029475635E-002
   17.971798822923340       -4.6852772947315931E-003
   17.999575946297256        2.4315607875626030E-002
   18.027353069671172        5.0024756564258373E-002
   18.055130193045088        7.0233275318251645E-002
   18.082907316419004        8.4094408708214927E-002
   18.110684439792919        9.2047401474128626E-002
   18.138461563166835        9.5345053764219270E-002
   18.166238686540751        9.5515060535960983E-002
   18.194015809914667        9.3963101262873328E-002
   18.221792933288583        9.1761319436413413E-002
   18.249570056662499        8.9576082956926373E-002
   18.277347180036415        8.7671019615311666E-002
   18.305124303410331        8.5936695413501130E-002
   18.332901426784247        8.3921449444400567E-002
   18.360678550158163        8.0860474721203834E-002
   18.388455673532079        7.5722886605458131E-002
   18.416232796905994        6.7320386286652531E-002
   18.444009920279910        5.4536147646385119E-002
   18.471787043653826        3.6705983040333193E-002
   18.499564167027742        1.4075194415334776E-002
   18.527341290401658       -1.1910819564825268E-002
   18.555118413775574       -3.8781765021500415E-002
   18.582895537149490       -6.3750368652075520E-002
   18.610672660523406       -8.4608537998847086E-002
   18.638449783897322      -0.10029411429874287     
   18.666226907271238      -0.11088037823909513     
   18.694004030645154      -0.11714946306938935     
   18.721781154019070      -0.12007443117687386     
   18.749558277392985      -0.12042863306002065     
   18.777335400766901      -0.11857404044242420     
   18.805112524140817      -0.11439226834146377     
   18.832889647514733      -0.10731843782926474     
   18.860666770888649       -9.6474551069465841E-002
   18.888443894262565       -8.0934191907899203E-002
   18.916221017636481       -6.0142240374273653E-002
   18.943998141010397       -3.4420029206861255E-002
   18.971775264384313       -5.3239690899356531E-003
   18.999552387758229        2.4456153376524698E-002
   19.027329511132145        5.1778439682285612E-002
   19.055106634506060        7.4015559874743259E-002
   19.082883757879976        8.9772884956233784E-002
   19.110660881253892        9.9028156435669201E-002
   19.138438004627808       0.10278059604008197     
   19.166215128001724       0.10252352784987291     
   19.193992251375640        9.9794691870405308E-002
   19.221769374749556        9.5894280946727653E-002
   19.249546498123472        9.1749624467137261E-002
   19.277323621497388        8.7872146180346514E-002
   19.305100744871304        8.4360112233097390E-002
   19.332877868245220        8.0919366599459114E-002
   19.360654991619136        7.6893148494544761E-002
   19.388432114993051        7.1311567156571387E-002
   19.416209238366967        6.2993288904547973E-002
   19.443986361740883        5.0750379682874477E-002
   19.471763485114799        3.3736803480530916E-002
   19.499540608488715        1.1901282242026827E-002
   19.527317731862631       -1.3646942260837173E-002
   19.555094855236547       -4.0657412007613962E-002
   19.582871978610463       -6.6304908436829429E-002
   19.610649101984379       -8.8083187666813278E-002
   19.638426225358295      -0.10452369898527743     
   19.666203348732211      -0.11537480681860134     
   19.693980472106126      -0.12128216697204466     
   19.721757595480042      -0.12327158907086357     
   19.749534718853958      -0.12230165318692679     
   19.777311842227874      -0.11898810475266323     
   19.805088965601790      -0.11348408751730207     
   19.832866088975706      -0.10547304173565776     
   19.860643212349622       -9.4258679109802290E-002
   19.888420335723538       -7.8974732815183302E-002
   19.916197459097454       -5.8945924175344500E-002
   19.943974582471370       -3.4168580042690938E-002
   19.971751705845286       -5.7362763514717148E-003
   19.999528829219201        2.4084902593443140E-002
   20.027305952593117        5.2332135261850841E-002
   20.055083075967033        7.6219539656474170E-002
   20.082860199340949        9.3940118541650075E-002
   20.110637322714865       0.10498973827092918     
   20.138414446088781       0.10997604583498075     
   20.166191569462697       0.11016604163524184     
   20.193968692836613       0.10704093994147551     
   20.221745816210529       0.10198464818707943     
   20.249522939584445        9.6108473185977594E-002
   20.277300062958361        9.0167345264247231E-002
   20.305077186332277        8.4525074809471176E-002
   20.332854309706192        7.9143249212813072E-002
   20.360631433080108        7.3585624650299955E-002
   20.388408556454024        6.7046700709881890E-002
   20.416185679827940        5.8432135446625247E-002
   20.443962803201856        4.6536277703673599E-002
   20.471739926575772        3.0359474039324482E-002
   20.499517049949688        9.5495115280620768E-003
   20.527294173323604       -1.5179577952227257E-002
   20.555071296697520       -4.1925542250921988E-002
   20.582848420071436       -6.7992537738791242E-002
   20.610625543445352       -9.0706708623068955E-002
   20.638402666819267      -0.10822131892427891     
   20.666179790193183      -0.11988167101131912     
   20.693956913567099      -0.12606095559431452     
   20.721734036941015      -0.12769900945999671     
   20.749511160314931      -0.12582999836323411     
   20.777288283688847      -0.12125199733582565     
   20.805065407062763      -0.11435659854682480     
   20.832842530436679      -0.10508273802128335     
   20.860619653810595       -9.2969790440452879E-002
   20.888396777184511       -7.7318881884405902E-002
   20.916173900558427       -5.7489670805751021E-002
   20.943951023932343       -3.3323402819546828E-002
   20.971728147306258       -5.5709247692286076E-003
   20.999505270680174        2.3923157853141867E-002
   21.027282394054090        5.2509737370923543E-002
   21.055059517428006        7.7460575798293976E-002
   21.082836640801922        9.6761857492049602E-002
   21.110613764175838       0.10955430918984463     
   21.138390887549754       0.11608186006150972     
   21.166168010923670       0.11732635937307810     
   21.193945134297586       0.11459131331103713     
   21.221722257671502       0.10918996077581669     
   21.249499381045418       0.10226218772907283     
   21.277276504419333        9.4680975178091445E-002
   21.305053627793249        8.7003746252909755E-002
   21.332830751167165        7.9441298905596550E-002
   21.360607874541081        7.1835949454121098E-002
   21.388384997914997        6.3657258226674021E-002
   21.416162121288913        5.4041106434836256E-002
   21.443939244662829        4.1915117678092501E-002
   21.471716368036745        2.6256893441944297E-002
   21.499493491410661        6.4915271798316508E-003
   21.527270614784577       -1.7072589504682625E-002
   21.555047738158493       -4.3002701273953732E-002
   21.582824861532409       -6.8940509805011596E-002
   21.610601984906324       -9.2258853555407694E-002
   21.638379108280240      -0.11085900570505436     
   21.666156231654156      -0.12367757614489852     
   21.693933355028072      -0.13070447786687539     
   21.721710478401988      -0.13264023867386129     
   21.749487601775904      -0.13045385438076823     
   21.777264725149820      -0.12502584882177215     
   21.805041848523736      -0.11693227449230685     
   21.832818971897652      -0.10635334727589503     
   21.860596095271568       -9.3083736464189312E-002
   21.888373218645484       -7.6645725777979359E-002
   21.916150342019399       -5.6525403192124048E-002
   21.943927465393315       -3.2531882178950325E-002
   21.971704588767231       -5.1967150583579428E-003
   21.999481712141147        2.3984336862192604E-002
   22.027258835515063        5.2691708602772926E-002
   22.055035958888979        7.8349304946940021E-002
   22.082813082262895        9.8861510172938608E-002
   22.110590205636811       0.11312535869276788     
   22.138367329010727       0.12110247510483382     
   22.166144452384643       0.12353934489975125     
   22.193921575758559       0.12157444488821703     
   22.221698699132475       0.11641568567354083     
   22.249475822506390       0.10914579532236218     
   22.277252945880306       0.10063012169509243     
   22.305030069254222        9.1479327404715746E-002
   22.332807192628138        8.2030434582530509E-002
   22.360584316002054        7.2328888029164387E-002
   22.388361439375970        6.2113036566602865E-002
   22.416138562749886        5.0821106000052484E-002
   22.443915686123802        3.7659144957586300E-002
   22.471692809497718        2.1777362742075174E-002
   22.499469932871634        2.5791654806501894E-003
   22.527247056245550       -1.9891943567092476E-002
   22.555024179619465       -4.4660004969413566E-002
   22.582801302993381       -6.9845956909821011E-002
   22.610578426367297       -9.3114932731093308E-002
   22.638355549741213      -0.11235822036570794     
   22.666132673115129      -0.12624622275306902     
   22.693909796489045      -0.13439635914698164     
   22.721686919862961      -0.13717615030692290     
   22.749464043236877      -0.13534213800438902     
   22.777241166610793      -0.12970325104596003     
   22.805018289984709      -0.12089250351221968     
   22.832795413358625      -0.10925037211370274     
   22.860572536732541       -9.4801574770774028E-002
   22.888349660106456       -7.7322003308016779E-002
   22.916126783480372       -5.6510245693116565E-002
   22.943903906854288       -3.2268336158431089E-002
   22.971681030228204       -5.0385096273275615E-003
   22.999458153602120        2.3948899478994923E-002
   23.027235276976036        5.2707160871078268E-002
   23.055012400349952        7.8893004888966209E-002
   23.082789523723868       0.10042899096817709     
   23.110566647097784       0.11603155120197602     
   23.138343770471700       0.12539695992571420     
   23.166120893845616       0.12903705695934548     
   23.193898017219531       0.12793923070088045     
   23.221675140593447       0.12323655353738568     
   23.249452263967363       0.11598132997739202     
   23.277229387341279       0.10702718117258460     
   23.305006510715195        9.6985197940911011E-002
   23.332783634089111        8.6217156343282475E-002
   23.360560757463027        7.4840814406933895E-002
   23.388337880836943        6.2737288387897189E-002
   23.416115004210859        4.9566838668669407E-002
   23.443892127584775        3.4817003640015720E-002
   23.471669250958691        1.7919423645075358E-002
   23.499446374332607       -1.5377087131153745E-003
   23.527223497706522       -2.3525045354050238E-002
   23.555000621080438       -4.7324563700684552E-002
   23.582777744454354       -7.1487277813798572E-002
   23.610554867828270       -9.4103517504237066E-002
   23.638331991202186      -0.11330397506365780     
   23.666109114576102      -0.12774020569675237     
   23.693886237950018      -0.13681112803602810     
   23.721663361323934      -0.14058677389754537     
   23.749440484697850      -0.13955146992111181     
   23.777217608071766      -0.13432489406639386     
   23.804994731445682      -0.12545494572305027     
   23.832771854819597      -0.11330357491359148     
   23.860548978193513       -9.8014815779916956E-002
   23.888326101567429       -7.9558443757587805E-002
   23.916103224941345       -5.7855963877737483E-002
   23.943880348315261       -3.2990875658309722E-002
   23.971657471689177       -5.4653867407436860E-003
   23.999434595063093        2.3599644841476149E-002
   24.027211718437009        5.2463202259068670E-002
   24.054988841810925        7.9043265457410528E-002
   24.082765965184841       0.10139852700845303     
   24.110543088558757       0.11819079862531523     
   24.138320211932673       0.12891534234291596     
   24.166097335306588       0.13384115855255055     
   24.193874458680504       0.13376056145651097     
   24.221651582054420       0.12969579715006513     
   24.249428705428336       0.12266295414191505     
   24.277205828802252       0.11352409626342223     
   24.304982952176168       0.10291547281169880     
   24.332760075550084        9.1226929489582026E-002
   24.360537198924000        7.8610998413636862E-002
   24.388314322297916        6.5008585753921239E-002
   24.416091445671832        5.0188600416998755E-002
   24.443868569045748        3.3810992287973643E-002
   24.471645692419663        1.5532178866399668E-002
   24.499422815793579       -4.8329321192618208E-003
   24.527199939167495       -2.7110345365249422E-002
   24.554977062541411       -5.0601398701892258E-002
   24.582754185915327       -7.4063995201472096E-002
   24.610531309289243       -9.5913399017681880E-002
   24.638308432663159      -0.11459069529362834     
   24.666085556037075      -0.12892746171041480     
   24.693862679410991      -0.13833419900025049     
   24.721639802784907      -0.14276039155197348     
   24.749416926158823      -0.14250360675857032     
   24.777194049532739      -0.13798863159086394     
   24.804971172906654      -0.12960017907725294     
   24.832748296280570      -0.11759553871957397     
   24.860525419654486      -0.10209097428080910     
   24.888302543028402       -8.3112526602566308E-002
   24.916079666402318       -6.0709696957797606E-002
   24.943856789776234       -3.5126587780277767E-002
   24.971633913150150       -6.9958048626316827E-003
   24.999411036524066        2.2525158562721619E-002
   25.027188159897982        5.1777518593664487E-002
   25.054965283271898        7.8838773569536405E-002
   25.082742406645814       0.10191226308203485     
   25.110519530019729       0.11970494139043268     
   25.138296653393645       0.13163316797912794     
   25.166073776767561       0.13780288210720421     
   25.193850900141477       0.13882646057077966     
   25.221628023515393       0.13558386767557998     
   25.249405146889309       0.12901041451394182     
   25.277182270263225       0.11994533621928143     
   25.304959393637141       0.10904152992531697     
   25.332736517011057        9.6724371954453964E-002
   25.360513640384973        8.3187645663747950E-002
   25.388290763758889        6.8418561340255202E-002
   25.416067887132805        5.2248730124178092E-002
   25.443845010506720        3.4433710371881684E-002
   25.471622133880636        1.4767598312251065E-002
   25.499399257254552       -6.7671908864468996E-003
   25.527176380628468       -2.9839868901930307E-002
   25.554953504002384       -5.3663780226341350E-002
   25.582730627376300       -7.7022902717697989E-002
   25.610507750750216       -9.8472548175153746E-002
   25.638284874124132      -0.11665620435843083     
   25.666061997498048      -0.13059687860649236     
   25.693839120871964      -0.13983117888931423     
   25.721616244245880      -0.14435255693359392     
   25.749393367619795      -0.14443175061848720     
   25.777170490993711      -0.14041725011001827     
   25.804947614367627      -0.13258917520447211     
   25.832724737741543      -0.12109211787116987     
   25.860501861115459      -0.10594224096767406     
   25.888278984489375       -8.7097719869416015E-002
   25.916056107863291       -6.4585577092083929E-002
   25.943833231237207       -3.8672667576168038E-002
   25.971610354611123       -1.0042489481275209E-002
   25.999387477985039        2.0097448446409746E-002
   26.027164601358955        5.0064777172363115E-002
   26.054941724732871        7.7944300965302457E-002
   26.082718848106786       0.10195639871592897     
   26.110495971480702       0.12080342072090396     
   26.138273094854618       0.13385667909691351     
   26.166050218228534       0.14114110734206226     
   26.193827341602450       0.14317297614346797     
   26.221604464976366       0.14074415864824882     
   26.249381588350282       0.13472549427681207     
   26.277158711724198       0.12592102907155939     
   26.304935835098114       0.11497546084854748     
   26.332712958472030       0.10232614834199190     
   26.360490081845946        8.8191527460552324E-002
   26.388267205219861        7.2591602974557870E-002
   26.416044328593777        5.5399775341396645E-002
   26.443821451967693        3.6428110749787163E-002
   26.471598575341609        1.5548281830315558E-002
   26.499375698715525       -7.1583885632334233E-003
   26.527152822089441       -3.1252131084763331E-002
   26.554929945463357       -5.5849502972282618E-002
   26.582707068837273       -7.9674957553573886E-002
   26.610484192211189      -0.10127791067217674     
   26.638261315585105      -0.11935048188451530     
   26.666038438959021      -0.13300611068642268     
   26.693815562332937      -0.14189375614785435     
   26.721592685706852      -0.14611931909710246     
   26.749369809080768      -0.14604525995037293     
   26.777146932454684      -0.14207437695622779     
   26.804924055828600      -0.13449513431922605     
   26.832701179202516      -0.12341656464300717     
   26.860478302576432      -0.10878655046100300     
   26.888255425950348       -9.0477336339981979E-002
   26.916032549324264       -6.8425209301018003E-002
   26.943809672698180       -4.2808857476488417E-002
   26.971586796072096       -1.4230050281931935E-002
   26.999363919446012        1.6172496521927766E-002
   27.027141042819927        4.6758012064941491E-002
   27.054918166193843        7.5606028675798090E-002
   27.082695289567759       0.10087089419511866     
   27.110472412941675       0.12113256360854972     
   27.138249536315591       0.13560923836622613     
   27.166026659689507       0.14417899261342840     
   27.193803783063423       0.14724998580556972     
   27.221580906437339       0.14556106222010537     
   27.249358029811255       0.13998255358786479     
   27.277135153185171       0.13135399437467610     
   27.304912276559087       0.12036956668492511     
   27.332689399933003       0.10751079471234712     
   27.360466523306918        9.3023776292719004E-002
   27.388243646680834        7.6938520573627239E-002
   27.416020770054750        5.9128217203224170E-002
   27.443797893428666        3.9406487692712926E-002
   27.471575016802582        1.7659378581003433E-002
   27.499352140176498       -5.9992092263775965E-003
   27.527129263550414       -3.1080222999150104E-002
   27.554906386924330       -5.6639107298984907E-002
   27.582683510298246       -8.1330747737019843E-002
   27.610460633672162      -0.10362879210271093     
   27.638237757046078      -0.12215205939693483     
   27.666014880419993      -0.13596425982735230     
   27.693792003793909      -0.14471530031680044     
   27.721569127167825      -0.14857852036522029     
   27.749346250541741      -0.14804114349544237     
   27.777123373915657      -0.14365554290585972     
   27.804900497289573      -0.13584364389017550     
   27.832677620663489      -0.12479945506071713     
   27.860454744037405      -0.11049270957022424     
   27.888231867411321       -9.2756210829625332E-002
   27.916008990785237       -7.1435990385678272E-002
   27.943786114159153       -4.6581241619673315E-002
   27.971563237533069       -1.8636321769503517E-002
   27.999340360906984        1.1428388833818172E-002
   28.027117484280900        4.2121572781197852E-002
   28.054894607654816        7.1612414355570350E-002
   28.082671731028732        9.8048070092022613E-002
   28.110448854402648       0.11989132541676711     
   28.138225977776564       0.13615425669528222     
   28.166003101150480       0.14646845855098545     
   28.193780224524396       0.15101386399912387     
   28.221557347898312       0.15036970787115123     
   28.249334471272228       0.14534452511540616     
   28.277111594646144       0.13681579589278106     
   28.304888718020059       0.12559133295722727     
   28.332665841393975       0.11230067438570004     
   28.360442964767891        9.7327586457847018E-002
   28.388220088141807        8.0794975890221082E-002
   28.415997211515723        6.2608415617658980E-002
   28.443774334889639        4.2557036921094166E-002
   28.471551458263555        2.0463080357411532E-002
   28.499328581637471       -3.6387724863877805E-003
   28.527105705011387       -2.9329239366545953E-002
   28.554882828385303       -5.5699816759204934E-002
   28.582659951759219       -8.1385021742571062E-002
   28.610437075133134      -0.10476714979286832     
   28.638214198507050      -0.12430951023154833     
   28.665991321880966      -0.13889412433795345     
   28.693768445254882      -0.14802439493960370     
   28.721545568628798      -0.15182044878606493     
   28.749322692002714      -0.15083530850058124     
   28.777099815376630      -0.14578760385178643     
   28.804876938750546      -0.13731444542212407     
   28.832654062124462      -0.12581368567689868     
   28.860431185498378      -0.11140000117770106     
   28.888208308872294       -9.3966481456574644E-002
   28.915985432246210       -7.3328215142964157E-002
   28.943762555620125       -4.9418048244426895E-002
   28.971539678994041       -2.2493690802190051E-002
   28.999316802367957        6.7042698006384849E-003
   29.027093925741873        3.6915170301029948E-002
   29.054871049115789        6.6487600741946415E-002
   29.082648172489705        9.3650680278689905E-002
   29.110425295863621       0.11682844889882985     
   29.138202419237537       0.13487975673146652     
   29.165979542611453       0.14719851659639879     
   29.193756665985369       0.15368659103855087     
   29.221533789359285       0.15465591056746147     
   29.249310912733200       0.15071106376226762     
   29.277088036107116       0.14263330433137736     
   29.304865159481032       0.13126394049527487     
   29.332642282854948       0.11738400301214050     
   29.360419406228864       0.10160174876118352     
   29.388196529602780        8.4273783185448398E-002
   29.415973652976696        6.5487203073786485E-002
   29.443750776350612        4.5118580379580019E-002
   29.471527899724528        2.2968097562875048E-002
   29.499305023098444       -1.0510199319538657E-003
   29.527082146472360       -2.6707698907754426E-002
   29.554859269846276       -5.3295304009240471E-002
   29.582636393220191       -7.9596023112898484E-002
   29.610413516594107      -0.10402020251825786     
   29.638190639968023      -0.12490531835512601     
   29.665967763341939      -0.14087580553245771     
   29.693744886715855      -0.15112549363665181     
   29.721522010089771      -0.15552085827243439     
   29.749299133463687      -0.15450761527619417     
   29.777076256837603      -0.14887929922901191     
   29.804853380211519      -0.13950101464971618     
   29.832630503585435      -0.12707575972779331     
   29.860407626959351      -0.11201119742158092     
   29.888184750333266       -9.4408245095130641E-002
   29.915961873707182       -7.4161973555176341E-002
   29.943738997081098       -5.1144834728930888E-002
   29.971516120455014       -2.5427186078731196E-002
   29.999293243828930        2.5263641478689485E-003
   30.027070367202846        3.1757954243167359E-002
   30.054847490576762        6.0872549209378485E-002
   30.082624613950678        8.8249135708809379E-002
   30.110401737324594       0.11233076085609030     
   30.138178860698510       0.13187803171569462     
   30.165955984072426       0.14610237613264304     
   30.193733107446342       0.15467062793564271     
   30.221510230820257       0.15763202815253269     
   30.249287354194173       0.15532857776231399     
   30.277064477568089       0.14832047505706183     
   30.304841600942005       0.13732197970773674     
   30.332618724315921       0.12312521559547197     
   30.360395847689837       0.10649832668407731     
   30.388172971063753        8.8070581161882017E-002
   30.415950094437669        6.8240748185034381E-002
   30.443727217811585        4.7149899219142734E-002
   30.471504341185501        2.4743504309269793E-002
   30.499281464559417        9.2016693939019718E-004
   30.527058587933332       -2.4264456536260637E-002
   30.554835711307248       -5.0396227875216915E-002
   30.582612834681164       -7.6579629780533065E-002
   30.610389958055080      -0.10146399170141668     
   30.638167081428996      -0.12344328375751427     
   30.665944204802912      -0.14097689466171770     
   30.693721328176828      -0.15291651202923615     
   30.721498451550744      -0.15872158738118478     
   30.749275574924660      -0.15850150236518337     
   30.777052698298576      -0.15289348687465093     
   30.804829821672492      -0.14283348420112243     
   30.832606945046408      -0.12929530668551054     
   30.860384068420323      -0.11307061761329786     
   30.888161191794239       -9.4644571711398742E-002
   30.915938315168155       -7.4193021481244889E-002
   30.943715438542071       -5.1694782838145784E-002
   30.971492561915987       -2.7124544658681575E-002
   30.999269685289903       -6.7031191109392951E-004
   31.027046808663819        2.7096060709116951E-002
   31.054823932037735        5.5165734804645976E-002
   31.082601055411651        8.2193644520319853E-002
   31.110378178785567       0.10672360405840883     
   31.138155302159483       0.12744653089607988     
   31.165932425533398       0.14339016663274642     
   31.193709548907314       0.15398857457578213     
   31.221486672281230       0.15904928213971337     
   31.249263795655146       0.15867615729098097     
   31.277040919029062       0.15320064518996615     
   31.304818042402978       0.14314009436300434     
   31.332595165776894       0.12916714620413111     
   31.360372289150810       0.11205921462395259     
   31.388149412524726        9.2609360446750957E-002
   31.415926535898642        7.1510977131341052E-002
